-0.0872664 0
-0.0872665 0.295532
-0.0872665 -0.0218898
-0.0872664 -0.0246896
-0.0872664 -0.0332412
-0.0872664 -0.0406383
-0.0872663 -0.0469864
-0.0872664 -0.0436925
-0.0872664 -0.0546852
-0.0872663 -0.0583909
-0.0872663 -0.0608539
-0.0872661 -0.0637744
-0.087263 -0.0673111
-0.0872635 -0.0685519
-0.0872472 -0.0712444
-0.0872204 -0.0729452
-0.0871536 -0.0733694
-0.0864877 -0.0762073
-0.0822521 -0.0750208
-0.020586 -0.0201361
0.0546427 0.0461678
0.0736337 0.0625834
0.0849817 0.0849496
0.0863222 0.0822736
0.0867443 0.0800267
0.0870575 0.0911473
0.0870026 0.0874014
0.0872083 0.0951245
0.0869554 0.0951973
0.0872603 0.0962248
0.0872604 0.100973
0.0872642 0.100369
0.0872653 0.0999728
0.0872651 0.103887
0.0872658 0.102024
0.0872658 0.104751
0.0872317 0.10603
0.0872663 0.0771421
0.0872664 0.0647023
0.0872662 0.0707283
0.0872661 0.0698397
0.0872658 0.0696057
0.0871928 0.0734653
0.0872647 0.0471913
0.0872587 0.0413847
0.0841746 0.0490992
0.0811178 0.0455095
0.0871906 0.0297289
0.0867544 0.0277707
0.083923 0.023755
0.0297957 -0.018171
-0.0410524 -0.0751429
-0.0830639 -0.110479
-0.0866815 -0.112446
-0.0872367 -0.112872
-0.0872527 -0.111742
-0.0872608 -0.109964
-0.0872658 -0.104812
-0.0872646 -0.0999532
-0.0872534 -0.0946633
-0.0872592 -0.0925422
-0.0872337 -0.0895784
-0.0872553 -0.0885781
-0.0872487 -0.0861662
-0.0872228 -0.072217
-0.0862717 -0.0595463
-0.0868084 -0.0514238
-0.0798102 -0.0412046
-0.0149207 0.0265968
0.0574383 0.102574
0.0792734 0.128445
0.0857053 0.13791
0.0865254 0.141521
0.0871214 0.142449
0.0870757 0.131685
0.0870381 0.122572
0.0871533 0.11399
0.0871014 0.107631
0.0858591 0.103655
0.0854987 0.099078
0.0805661 0.0924469
0.0796197 0.0883168
0.0608755 0.0691806
-0.00118165 0.00865427
-0.0472839 -0.0367177
-0.0842996 -0.0847224
-0.0854789 -0.0834332
-0.0863385 -0.0823468
-0.0863286 -0.0810597
-0.0869467 -0.0800109
-0.085429 -0.0732857
-0.0839741 -0.0721574
-0.0854455 -0.0778149
-0.0792351 -0.058115
-0.0733655 -0.0408787
0.0129201 0.0495377
0.064397 0.105418
0.084935 0.13095
0.0845371 0.120502
0.0852605 0.113103
0.0858342 0.10711
0.0846589 0.101036
0.0857612 0.0955251
0.08395 0.107176
0.0848885 0.116315
0.0815709 0.106794
0.0835354 0.102812
0.0663359 0.0830238
0.0504295 0.0647588
0.0132778 0.0267395
-0.0256689 -0.0123199
-0.0195237 -0.00841976
-0.0747215 -0.0615407
-0.0737214 -0.0624233
-0.067382 -0.0572329
-0.036081 -0.0190896
-0.057115 -0.0437814
-0.0783104 -0.0647092
-0.0640485 -0.0531985
-0.0218554 -0.01467
0.0349535 0.0531779
0.0412895 0.0553525
0.0735741 0.0826577
0.0803037 0.0861043
0.0787829 0.0967305
0.0843672 0.0973803
0.0846976 0.0940681
0.0852645 0.108173
0.0836226 0.100592
0.074112 0.0891674
0.0823812 0.0930022
0.060531 0.0704799
0.0613396 0.0690439
0.0291312 0.0370771
-0.0185155 -0.00943451
-0.0192842 -0.0112358
-0.0619713 -0.0529027
-0.0611887 -0.0526119
-0.0605404 -0.0522894
-0.0604302 -0.053063
-0.0602533 -0.0533699
-0.0654523 -0.0553026
-0.0419223 -0.0368563
-0.039071 -0.0343678
0.0530754 0.0613544
0.0508042 0.0567802
0.0516803 0.0563639
0.052563 0.0562058
0.0639842 0.0661834
0.0718479 0.0862125
0.0721151 0.0832239
0.0723562 0.0808758
0.0599783 0.0679613
0.0704648 0.0895439
0.0595628 0.0754055
0.0434084 0.0578239
0.0172231 0.0293849
0.0106511 0.0210013
-0.0521084 -0.0345454
-0.0696685 -0.0577929
-0.0678844 -0.0573133
-0.0664091 -0.0569108
-0.0620117 -0.0504419
-0.0789531 -0.0696467
-0.058865 -0.0517067
-0.0766378 -0.0684926
-0.0547239 -0.0487462
0.0258839 0.0360879
0.0702359 0.0895815
0.0817799 0.109946
0.08252 0.104243
0.0809508 0.0978642
0.0849056 0.0970587
0.0818489 0.0914196
0.0840473 0.0907412
0.0844124 0.0950731
0.0844542 0.099123
0.0799185 0.0929841
0.0693302 0.0802823
0.0471386 0.0569171
0.00660683 0.0165716
0.00736736 0.0155696
-0.0697953 -0.0587622
-0.0690132 -0.0591078
-0.0683807 -0.0593967
-0.0677923 -0.059471
-0.0674745 -0.0598439
-0.0800411 -0.0717186
-0.063089 -0.0565345
-0.0785185 -0.0709992
-0.0602316 -0.0545758
-0.0574761 -0.0523024
-0.00755476 -0.00506257
0.044467 0.044488
0.0508667 0.0505731
0.0740893 0.0723348
0.0750065 0.0731782
0.0758493 0.0739515
0.0765088 0.0745594
0.06096 0.0597483
0.0786472 0.0765257
0.0416604 0.0415974
0.0461117 0.046086
-0.0425649 -0.0392149
-0.065765 -0.0610278
-0.0563347 -0.0494238
-0.026806 -0.00898322
-0.059532 -0.0431815
-0.0337659 -0.0210736
-0.0628801 -0.050644
-0.056702 -0.0463819
-0.032528 -0.0245762
-0.0296812 -0.0229024
-0.0613817 -0.0538237
0.0292527 0.046546
0.0658084 0.092189
0.0821688 0.117028
0.085701 0.125875
0.0869097 0.13092
0.0870984 0.120163
0.087201 0.127269
0.0872353 0.130764
0.0872285 0.124187
0.0872075 0.119487
0.0871636 0.112391
0.0869577 0.106928
0.0868668 0.101872
0.0861125 0.0982371
0.085384 0.0943203
0.0814276 0.0889492
0.0675088 0.0745981
0.0490547 0.0553709
0.00302478 0.0102881
-0.0520487 -0.0404874
-0.0659509 -0.0568689
-0.0383185 -0.0145463
-0.0517025 -0.0305516
-0.0136982 0.0165177
-0.0180096 0.00689835
0.0245897 0.0575252
0.0526707 0.0855649
0.0557927 0.0960609
0.0760693 0.113584
0.0846175 0.127237
0.0862065 0.133284
0.0868445 0.137127
0.0861533 0.124663
0.0844971 0.117028
0.0803003 0.106481
0.0700432 0.0914512
0.0686444 0.0853457
0.0417469 0.0710067
-0.000332156 0.0253461
0.00149327 0.0359294
