0 0 0.109318 0 -0.0872664 0 -0.0872664
0.000258149 0.425235 0.115832 0.874436 0.337968 0 -0.0872665
0.0309582 0.0341736 0.117819 0.412292 -0.0530928 0 -0.0872665
0.0402222 0.0450463 0.114647 0.584784 -0.0422201 0 -0.0872664
0.0321778 0.0376224 0.11262 0.669591 -0.049644 0 -0.0872664
0.0257422 0.0308723 0.111501 0.720612 -0.0563941 0 -0.0872664
0.0205938 0.0251769 0.109669 0.756754 -0.0620894 0 -0.0872663
0.016475 0.031262 0.10992 0.780161 -0.0560044 0 -0.0872664
0.01318 0.0183655 0.11046 0.793679 -0.068901 0 -0.0872664
0.010544 0.0152977 0.108513 0.811338 -0.0719686 0 -0.0872663
0.00843522 0.013294 0.108539 0.822658 -0.0739723 0 -0.0872663
0.00674817 0.0110491 0.105793 0.836747 -0.076217 0 -0.0872661
0.00539854 0.00821348 0.101747 0.851506 -0.0790495 0 -0.087263
0.00431883 0.0074688 0.101145 0.859103 -0.0797947 0 -0.0872635
0.00345507 0.00537026 0.0979234 0.870141 -0.0818769 0 -0.0872472
0.00276405 0.00404244 0.0967038 0.876977 -0.083178 0 -0.0872204
0.00221124 0.00401745 0.0958549 0.882521 -0.0831361 0 -0.0871536
0.00176899 0.00085413 0.0935365 0.889923 -0.0856336 0 -0.0864877
0.00141519 -0.00150821 0.0919415 0.89566 -0.0837604 0 -0.0822521
0.00113216 -0.00183505 0.0920469 0.89809 -0.0224211 0 -0.020586
0.000905725 -0.00312868 0.0945123 0.896219 0.051514 0 0.0546427
0.00072458 -0.00394983 0.0945134 0.898105 0.0696839 0 0.0736337
0.0162485 0.0107742 0.0992912 0.887147 0.095756 0 0.0849817
0.0124584 0.00664979 0.101687 0.884929 0.092972 0 0.0863222
0.00996672 0.00376478 0.103049 0.884185 0.0905091 0 0.0867443
0.0237632 0.0175702 0.109003 0.871159 0.104628 0 0.0870575
0.0190106 0.0129278 0.108116 0.874623 0.0999304 0 0.0870026
0.0312053 0.0248376 0.120596 0.848978 0.112046 0 0.0872083
0.0328488 0.0208644 0.103776 0.88293 0.10782 0 0.0869554
0.0420289 0.0350313 0.148437 0.786847 0.122292 0 0.0872603
0.0490169 0.0417884 0.150682 0.782443 0.129049 0 0.0872604
0.0549376 0.0475538 0.166705 0.744476 0.134818 0 0.0872642
0.0600566 0.0525885 0.178811 0.714838 0.139854 0 0.0872653
0.0637404 0.0559858 0.175095 0.725208 0.143251 0 0.0872651
0.066803 0.0588502 0.185904 0.698241 0.146116 0 0.0872658
0.0692369 0.0611727 0.183324 0.705685 0.148439 0 0.0872658
0.0553895 0.0355167 0.116226 0.863803 0.122748 0 0.0872317
0.0443116 0.0353439 0.212746 0.629165 0.12261 0 0.0872663
0.0354493 0.0278859 0.238077 0.561884 0.115152 0 0.0872664
0.0283594 0.0202726 0.202568 0.6577 0.107539 0 0.0872662
0.0226876 0.0147587 0.19267 0.684536 0.102025 0 0.0872661
0.01815 0.0103477 0.18197 0.713075 0.0976134 0 0.0872658
0.00667616 -0.00434747 0.106676 0.886777 0.0828453 0 0.0871928
-0.0104217 -0.017495 0.1962 0.676387 0.0697698 0 0.0872647
-0.0244784 -0.0299803 0.178731 0.722519 0.0572783 0 0.0872587
-0.0274977 -0.0298099 0.0984126 0.903146 0.0543647 0 0.0841746
-0.0298843 -0.0299076 0.106538 0.888681 0.0512101 0 0.0811178
-0.0394283 -0.0417441 0.20483 0.654152 0.0454465 0 0.0871906
-0.0471018 -0.0469515 0.188552 0.697705 0.0398029 0 0.0867544
-0.0537198 -0.051175 0.178025 0.725386 0.032748 0 0.083923
-0.0587749 -0.0529351 0.154213 0.785286 -0.0231394 0 0.0297957
-0.0628914 -0.0552745 0.156344 0.780083 -0.0963268 0 -0.0410524
-0.0658421 -0.05578 0.149848 0.795704 -0.138844 0 -0.0830639
-0.0683982 -0.0571319 0.155483 0.781886 -0.143813 0 -0.0866815
-0.0704967 -0.0575679 0.156372 0.77948 -0.144805 0 -0.0872367
-0.0724209 -0.05928 0.163096 0.762576 -0.146533 0 -0.0872527
-0.0738597 -0.0602892 0.169904 0.745265 -0.14755 0 -0.0872608
-0.0590877 -0.0461308 0.153737 0.785714 -0.133397 0 -0.0872658
-0.0472702 -0.0357631 0.142609 0.812445 -0.123028 0 -0.0872646
-0.0378161 -0.0283981 0.14012 0.818522 -0.115652 0 -0.0872534
-0.0302529 -0.0208477 0.123253 0.856025 -0.108107 0 -0.0872592
-0.0242023 -0.0165858 0.120115 0.862829 -0.103819 0 -0.0872337
-0.0200252 -0.0116596 0.103613 0.895498 -0.0989148 0 -0.0872553
-0.0160202 -0.00745902 0.0957209 0.909812 -0.0947077 0 -0.0872487
0.000981767 0.00930351 0.0852156 0.926818 -0.0779192 0 -0.0872228
0.016776 0.021785 0.0871166 0.923389 -0.0644867 0 -0.0862717
0.0212871 0.0326581 0.069448 0.949649 -0.0541503 0 -0.0868084
0.0324261 0.0364352 0.0694593 0.94996 -0.043375 0 -0.0798102
0.0405316 0.042963 0.070566 0.948452 0.0280423 0 -0.0149207
0.0499216 0.0508304 0.0708834 0.947403 0.108269 0 0.0574383
0.0556916 0.0557694 0.0679821 0.95114 0.135043 0 0.0792734
0.0603047 0.0592416 0.0676963 0.951455 0.144947 0 0.0857053
0.0639488 0.0623728 0.0684039 0.950454 0.148898 0 0.0865254
0.0669393 0.0642442 0.0752638 0.941092 0.151366 0 0.0871214
0.0535514 0.0509935 0.0645568 0.953759 0.138069 0 0.0870757
0.0428411 0.0404525 0.0571437 0.961418 0.127491 0 0.0870381
0.0342729 0.0314219 0.0567852 0.96133 0.118575 0 0.0871533
0.0274183 0.0248337 0.0567823 0.961547 0.111935 0 0.0871014
0.0219347 0.0208626 0.0475645 0.971265 0.106722 0 0.0858591
0.0175477 0.0167365 0.050005 0.969118 0.102235 0 0.0854987
0.0140382 0.0145901 0.0478193 0.971528 0.0951562 0 0.0805661
0.0112305 0.0116658 0.0521073 0.967479 0.0912855 0 0.0796197
0.00898444 0.0105425 0.0512307 0.968672 0.071418 0 0.0608755
0.00707032 0.0101112 0.0508266 0.969168 0.00892959 0 -0.00118165
0.00565625 0.00930981 0.0528601 0.966914 -0.0379741 0 -0.0472839
-0.0111756 -0.00493153 0.0570968 0.949471 -0.0892312 0 -0.0842996
-0.00894049 -0.00255214 0.0598618 0.94777 -0.0880311 0 -0.0854789
-0.00715239 -0.000445576 0.0598937 0.948869 -0.0867841 0 -0.0863385
-0.00572192 0.000978431 0.0598773 0.949731 -0.0853501 0 -0.0863286
-0.00457753 0.00265578 0.0609112 0.949223 -0.0842909 0 -0.0869467
-0.00366203 0.0085953 0.0571791 0.953822 -0.0768337 0 -0.085429
-0.00292962 0.00831808 0.054945 0.953756 -0.075656 0 -0.0839741
-0.0023437 0.00353571 0.0566542 0.950007 -0.0819098 0 -0.0854455
0.013877 0.0182019 0.0532924 0.952187 -0.0610332 0 -0.0792351
0.0266153 0.0304156 0.0532922 0.951776 -0.0429499 0 -0.0733655
0.0370328 0.0389495 0.0505315 0.955045 0.0518695 0 0.0129201
0.0453556 0.0461727 0.0526177 0.953411 0.11057 0 0.064397
0.0534986 0.0527719 0.0550925 0.950934 0.137707 0 0.084935
0.0427988 0.0419438 0.0521475 0.952727 0.126481 0 0.0845371
0.0342391 0.0331274 0.0493672 0.955363 0.118388 0 0.0852605
0.0273913 0.0259532 0.0471505 0.958158 0.111787 0 0.0858342
0.021913 0.0208172 0.0488094 0.957902 0.105476 0 0.0846589
0.0175304 0.0133067 0.0432506 0.964238 0.0990679 0 0.0857612
0.0296449 0.0288281 0.0462786 0.950329 0.112778 0 0.08395
0.0392939 0.038218 0.050075 0.944834 0.123106 0 0.0848885
0.0314351 0.0310307 0.0475633 0.948425 0.112602 0 0.0815709
0.0251481 0.0244117 0.0446393 0.952426 0.107947 0 0.0835354
0.0201185 0.0206642 0.0446536 0.954295 0.0870001 0 0.0663359
0.0160948 0.0173076 0.0444638 0.956032 0.067737 0 0.0504295
0.0128758 0.0146713 0.045373 0.956721 0.0279491 0 0.0132778
0.0103007 0.0127946 0.0466974 0.956938 -0.0128743 0 -0.0256689
0.00824053 0.0107385 0.0464325 0.958398 -0.00878525 0 -0.0195237
0.00659243 0.0103728 0.0499883 0.956363 -0.0643487 0 -0.0747215
0.00527394 0.00852211 0.0498058 0.957424 -0.0651993 0 -0.0737214
0.00421915 0.00772045 0.0489757 0.959293 -0.0596616 0 -0.067382
0.0107155 0.0162469 0.0469925 0.962459 -0.0198342 0 -0.036081
0.00857241 0.0115315 0.0480754 0.960465 -0.0455835 0 -0.057115
0.00685793 0.0106933 0.0524528 0.956994 -0.0676171 0 -0.0783104
0.00548634 0.00869923 0.0488349 0.961143 -0.0553493 0 -0.0640485
0.00438907 0.00663819 0.0465189 0.964041 -0.0152172 0 -0.0218554
0.0192932 0.020458 0.0451809 0.959692 0.0554115 0 0.0349535
0.0154346 0.0163671 0.0457096 0.960037 0.0576566 0 0.0412895
0.0123476 0.0123099 0.0442977 0.962434 0.085884 0 0.0735741
0.00987812 0.0088821 0.0425107 0.965448 0.0891858 0 0.0803037
0.0231811 0.0226519 0.0460393 0.953622 0.101435 0 0.0787829
0.0185449 0.0173129 0.043319 0.957712 0.10168 0 0.0843672
0.0187614 0.0132919 0.0433088 0.959981 0.0979895 0 0.0846976
0.0308339 0.029265 0.0465705 0.944502 0.11453 0 0.0852645
0.0246671 0.0224075 0.0445403 0.94871 0.10603 0 0.0836226
0.0197337 0.0195694 0.0441932 0.951815 0.0936814 0 0.074112
0.015787 0.0150079 0.0430268 0.954955 0.0973891 0 0.0823812
0.0126296 0.0131354 0.0437281 0.956744 0.0736664 0 0.060531
0.0101037 0.0106911 0.0439312 0.958534 0.0720307 0 0.0613396
0.00808292 0.0095163 0.0451676 0.959367 0.0386475 0 0.0291312
0.00646634 0.00868235 0.0468676 0.959463 -0.00983312 0 -0.0185155
0.00517307 0.00755635 0.0498369 0.958042 -0.0117278 0 -0.0192842
0.00413846 0.00687749 0.0488857 0.960228 -0.0550938 0 -0.0619713
0.00331076 0.00646276 0.0488389 0.961369 -0.054726 0 -0.0611887
0.00264861 0.00620327 0.0488051 0.962313 -0.0543371 0 -0.0605404
0.00211889 0.00533189 0.0487892 0.963062 -0.0550983 0 -0.0604302
0.00169511 0.00488304 0.0487766 0.963874 -0.0553702 0 -0.0602533
0.00135609 0.00811148 0.04896 0.964454 -0.0573408 0 -0.0654523
0.00108487 0.00374485 0.0470775 0.965393 -0.0381775 0 -0.0419223
0.000867897 0.00350764 0.0469828 0.966383 -0.0355633 0 -0.039071
0.00853954 0.0102232 0.0437521 0.969283 0.0632987 0 0.0530754
0.00683163 0.00773706 0.0436977 0.969918 0.0585412 0 0.0508042
0.0054653 0.00637744 0.0436311 0.970826 0.0580577 0 0.0516803
0.00437224 0.00528042 0.0435866 0.971689 0.0578434 0 0.052563
0.00349779 0.00406122 0.0433956 0.972636 0.0680454 0 0.0639842
0.0175386 0.0175753 0.0438556 0.964096 0.0894231 0 0.0718479
0.0140309 0.0140723 0.0432947 0.965615 0.0861874 0 0.0721151
0.0112247 0.0112747 0.0429555 0.967056 0.0836309 0 0.0723562
0.00897976 0.0102628 0.0437878 0.967543 0.0702411 0 0.0599783
0.0229347 0.023066 0.0479193 0.957375 0.0935307 0 0.0704648
0.0183477 0.0189231 0.0453171 0.960752 0.0784859 0 0.0595628
0.0146782 0.0167821 0.0465713 0.960681 0.0601905 0 0.0434084
0.0117425 0.0133963 0.0483754 0.959683 0.0306194 0 0.0172231
0.00939404 0.0111923 0.0476005 0.96145 0.0218433 0 0.0106511
0.00751523 0.0161665 0.0490359 0.961149 -0.0359418 0 -0.0521084
0.00601218 0.00936672 0.049213 0.958394 -0.0603018 0 -0.0696685
0.00480975 0.00814889 0.0490825 0.959451 -0.0597355 0 -0.0678844
0.0038478 0.00715559 0.0489934 0.960463 -0.0592535 0 -0.0664091
0.00307824 0.00955161 0.0488255 0.961529 -0.0524601 0 -0.0620117
0.00246259 0.00634621 0.0506626 0.959229 -0.0726069 0 -0.0789531
0.00197007 0.00510802 0.0487653 0.96186 -0.053757 0 -0.058865
0.00157606 0.00540388 0.0501276 0.961517 -0.0712339 0 -0.0766378
0.00126085 0.00418104 0.047759 0.964454 -0.0505428 0 -0.0547239
0.00890543 0.0114112 0.0445883 0.967631 0.0372951 0 0.0258839
0.0228927 0.022856 0.0449584 0.962291 0.0930919 0 0.0702359
0.0340676 0.0331928 0.0470834 0.95628 0.114973 0 0.0817799
0.0272541 0.0262316 0.0452462 0.95854 0.108752 0 0.08252
0.0218033 0.0209578 0.0445647 0.960313 0.101909 0 0.0809508
0.0174426 0.0159072 0.0433177 0.962762 0.100813 0 0.0849056
0.0139541 0.0129631 0.0435652 0.96422 0.0948119 0 0.0818489
0.0111633 0.00983006 0.0425527 0.966594 0.0938774 0 0.0840473
0.0169104 0.0141137 0.0431634 0.964953 0.0985262 0 0.0844124
0.0213306 0.0184594 0.0440424 0.963167 0.102914 0 0.0844542
0.0170645 0.0163942 0.0433218 0.965439 0.0963127 0 0.0799185
0.0136516 0.0137315 0.0434485 0.966537 0.0830617 0 0.0693302
0.0109213 0.0117246 0.0442317 0.966939 0.0588632 0 0.0471386
0.00873701 0.0105354 0.0455499 0.966717 0.0171422 0 0.00660683
0.00698961 0.00876269 0.0479257 0.965254 0.0161301 0 0.00736736
0.00559169 0.00887493 0.0494759 0.964574 -0.0609203 0 -0.0697953
0.00447335 0.00776128 0.0494068 0.964995 -0.0612519 0 -0.0690132
0.00357868 0.00685722 0.0493592 0.965432 -0.0615235 0 -0.0683807
0.00286294 0.00622038 0.0493232 0.96588 -0.0615719 0 -0.0677923
0.00229035 0.00554287 0.0493034 0.96629 -0.0619317 0 -0.0674745
0.00183228 0.00573267 0.0509145 0.965148 -0.0743084 0 -0.0800411
0.00146583 0.00462766 0.0492121 0.96704 -0.0584614 0 -0.063089
0.00117266 0.00503514 0.0505267 0.966195 -0.0734833 0 -0.0785185
0.000938129 0.00389093 0.04816 0.968676 -0.0563406 0 -0.0602316
0.000750503 0.00345958 0.0490455 0.968268 -0.0540165 0 -0.0574761
0.000600403 0.00234046 0.0467118 0.9709 -0.00521431 0 -0.00755476
0.000480322 0.00126214 0.0451876 0.972859 0.0457291 0 0.044467
0.000384258 0.00105507 0.0446042 0.974025 0.0519218 0 0.0508667
0.000307406 7.25858e-05 0.0437464 0.975364 0.0741618 0 0.0740893
0.000245925 -3.8789e-05 0.0435131 0.976129 0.0749678 0 0.0750065
0.00019674 -0.000142355 0.0433063 0.976813 0.075707 0 0.0758493
0.000157392 -0.000225506 0.0431499 0.977401 0.0762833 0 0.0765088
0.000125914 0.000313444 0.0462446 0.975109 0.0612734 0 0.06096
0.000100731 -0.000445646 0.0426874 0.978571 0.0782015 0 0.0786472
8.05847e-05 0.000931943 0.045305 0.976641 0.0425923 0 0.0416604
6.44677e-05 0.0010137 0.0441229 0.977943 0.0471254 0 0.0461117
5.15742e-05 0.00235471 0.0473947 0.975249 -0.0402102 0 -0.0425649
4.12594e-05 0.00310844 0.0487442 0.974006 -0.0626565 0 -0.065765
3.30075e-05 0.00561849 0.0480591 0.974516 -0.0507163 0 -0.0563347
0.0157384 0.0175591 0.0470405 0.971483 -0.00924691 0 -0.026806
0.0125908 0.0150147 0.0481984 0.969991 -0.0445174 0 -0.059532
0.0100726 0.012064 0.0467061 0.971048 -0.0217019 0 -0.0337659
0.00805808 0.0106311 0.0486374 0.969282 -0.052249 0 -0.0628801
0.00644647 0.00887991 0.0480084 0.969885 -0.047822 0 -0.056702
0.00515717 0.00722612 0.0466113 0.971316 -0.0253019 0 -0.032528
0.00412574 0.00611118 0.0465297 0.971677 -0.02357 0 -0.0296812
0.00330059 0.00589179 0.0487328 0.969973 -0.0554899 0 -0.0613817
0.0181248 0.0188512 0.0454955 0.967613 0.0481039 0 0.0292527
0.030195 0.0300492 0.0468119 0.96173 0.0958575 0 0.0658084
0.041573 0.0404433 0.0502397 0.954456 0.122612 0 0.0821688
0.0488781 0.0467785 0.0539279 0.95015 0.132479 0 0.085701
0.054804 0.0517062 0.0592073 0.944483 0.138616 0 0.0869097
0.0438432 0.0396652 0.0564418 0.947929 0.126764 0 0.0870984
0.052218 0.0483774 0.062353 0.938711 0.135578 0 0.087201
0.0574543 0.0527323 0.0663097 0.934242 0.139968 0 0.0872353
0.0539028 0.0448469 0.0631934 0.940273 0.132075 0 0.0872285
0.0431223 0.0387887 0.0578805 0.94834 0.125996 0 0.0872075
0.0344978 0.0306485 0.0538315 0.953987 0.117812 0 0.0871636
0.0275982 0.02441 0.0490473 0.960135 0.111368 0 0.0869577
0.0220786 0.0190833 0.0490616 0.96151 0.10595 0 0.0868668
0.0176629 0.0156674 0.0465762 0.965191 0.10178 0 0.0861125
0.0141303 0.0122973 0.0474866 0.965592 0.0976813 0 0.085384
0.0113042 0.0104713 0.0462261 0.967903 0.0918989 0 0.0814276
0.00904339 0.00943652 0.0455633 0.969495 0.0769453 0 0.0675088
0.00723471 0.00809737 0.0471514 0.968835 0.0571521 0 0.0490547
0.00578777 0.00759817 0.0482769 0.968477 0.0106229 0 0.00302478
0.00463022 0.0102002 0.049836 0.967476 -0.0418485 0 -0.0520487
0.00370417 0.00694562 0.0527046 0.963793 -0.0590053 0 -0.0659509
0.0212326 0.0231112 0.0539328 0.95653 -0.0152073 0 -0.0383185
0.0169861 0.0198421 0.0518037 0.958922 -0.0318604 0 -0.0517025
0.0292886 0.0309787 0.0531432 0.955853 0.0172805 0 -0.0136982
0.0234309 0.0252125 0.0509554 0.95772 0.00720289 0 -0.0180096
0.0346012 0.0356868 0.0527487 0.954357 0.0602765 0 0.0245897
0.0355697 0.0366595 0.0510649 0.957849 0.0893302 0 0.0526707
0.0442002 0.0446196 0.0518005 0.956665 0.100412 0 0.0557927
0.0431514 0.042371 0.0510611 0.959002 0.11844 0 0.0760693
0.0502713 0.0488491 0.0558571 0.953322 0.133467 0 0.0846175
0.0562058 0.0541673 0.0592886 0.949492 0.140374 0 0.0862065
0.0607957 0.0580911 0.0625476 0.946126 0.144936 0 0.0868445
0.0486366 0.0445334 0.0550226 0.953906 0.130687 0 0.0861533
0.0389093 0.037487 0.0502107 0.959371 0.121984 0 0.0844971
0.0311274 0.0303754 0.0473259 0.962096 0.110676 0 0.0803003
0.0249019 0.024867 0.0460098 0.963555 0.0949102 0 0.0700432
0.0199215 0.0200307 0.0477007 0.962454 0.0886751 0 0.0686444
0.0316726 0.0324405 0.0489744 0.957127 0.0741874 0 0.0417469
0.0253381 0.0268078 0.0486293 0.957335 0.0264756 0 -0.000332156
0.0346407 0.0361748 0.0516776 0.953842 0.037668 0 0.00149327
