0 0.283062 0.783062 0 0 0 -0.0872664 2
2060380 0.283706 0.783706 0.00031252 -0.00529096 0 -0.0872665 3
17251 0.284221 0.784221 0.0298593 -0.0026455 0 -0.0872665 4
34143 0.284633 0.784633 0.0120595 0 0 -0.0872664 5
38076 0.284962 0.784962 0.00865047 0 0 -0.0872664 6
35000 0.285226 0.785226 0.00752892 0 0 -0.0872664 7
33640 0.285023 0.785023 -0.00603488 0 0 -0.0872663 8
100100 0.285162 0.785162 0.00139574 0 0 -0.0872664 11
33124 0.285387 0.785387 0.00678749 0 0 -0.0872664 12
33689 0.285038 0.785038 -0.0103555 0 0 -0.0872663 13
33449 0.284759 0.784759 -0.00834312 0 0 -0.0872663 14
33689 0.284539 0.784539 -0.00654804 0.00263852 0 -0.0872661 15
30887 0.28383 0.78383 -0.0229372 0.005277 0 -0.087263 16
35710 0.283677 0.783677 -0.00430302 0.0079154 0 -0.0872635 17
34178 0.283142 0.783142 -0.0156275 0.0105537 0 -0.0872472 18
34193 0.282727 0.782727 -0.01215 0.0131918 0 -0.0872204 19
99824 0.281857 0.781857 -0.00871046 0.0158298 0 -0.0871536 22
66794 0.280516 0.780516 -0.0200845 0.0184676 0 -0.0864877 24
66786 0.278498 0.778498 -0.0302084 0.021105 0 -0.0822521 26
33701 0.27638 0.77638 -0.0628572 0.0237422 0 -0.020586 27
33453 0.273612 0.773612 -0.0827388 0.0263791 0 0.0546427 28
33494 0.27086 0.77086 -0.0821553 0.0290156 0 0.0736337 29
33639 0.268143 0.768143 -0.0807965 0.0342873 0 0.0849817 30
33455 0.264909 0.764909 -0.0966502 0.0342873 0 0.0863222 31
34278 0.261285 0.761285 -0.10573 0.0342873 0 0.0867443 32
33375 0.257837 0.757837 -0.1033 0.0369225 0 0.0870575 33
33478 0.254034 0.754034 -0.113594 0.0342873 0 0.0870026 34
32943 0.249944 0.749944 -0.124163 0.0369225 0 0.0872083 35
66838 0.244552 0.744552 -0.0806765 0.0369225 0 0.0869554 37
33548 0.239035 0.739035 -0.16446 0.0370201 0 0.0872603 38
34324 0.23357 0.73357 -0.159209 0.0370201 0 0.0872604 39
33603 0.2276 0.7276 -0.177672 0.0370201 0 0.0872642 40
32805 0.22138 0.72138 -0.189605 0.0370201 0 0.0872653 41
33665 0.215349 0.715349 -0.17912 0.0370201 0 0.0872651 42
33419 0.208952 0.708952 -0.19144 0.0370201 0 0.0872658 43
33453 0.202779 0.702779 -0.184516 0.0370201 0 0.0872658 44
100434 0.193092 0.693092 -0.096458 0.034378 0 0.0872317 47
37094 0.183238 0.683238 -0.265632 0.0317354 0 0.0872663 48
30606 0.173755 0.673755 -0.309831 0.0290923 0 0.0872664 49
33420 0.164597 0.664597 -0.274039 0.0264489 0 0.0872662 50
33226 0.155689 0.655689 -0.268111 0.023805 0 0.0872661 51
33603 0.146978 0.646978 -0.25923 0.0211609 0 0.0872658 52
67437 0.136315 0.636315 -0.158111 0.0158717 0 0.0871928 54
33563 0.126201 0.626201 -0.301357 0.0105816 0 0.0872647 55
32779 0.116834 0.616834 -0.285746 0.00529096 0 0.0872587 56
66848 0.106165 0.606165 -0.159606 0 0 0.0841746 58
67090 0.0946922 0.594692 -0.171007 -0.00529096 0 0.0811178 60
34086 0.0839527 0.583953 -0.315071 -0.0105816 0 0.0871906 61
33997 0.0740508 0.574051 -0.291259 -0.0158717 0 0.0867544 62
32975 0.065073 0.565073 -0.27226 -0.0211609 0 0.083923 63
33466 0.0573629 0.557363 -0.230388 -0.0264489 0 0.0297957 64
33303 0.0499025 0.549902 -0.224015 -0.0317354 0 -0.0410524 65
34025 0.0430861 0.543086 -0.200336 -0.0370201 0 -0.0830639 66
33588 0.0365936 0.536594 -0.193298 -0.0423028 0 -0.0866815 67
33458 0.0308725 0.530872 -0.170993 -0.0475831 0 -0.0872367 68
32937 0.0252572 0.525257 -0.170484 -0.0502223 0 -0.0872527 69
33136 0.0196785 0.519678 -0.168359 -0.0528608 0 -0.0872608 70
33726 0.0152304 0.51523 -0.131888 -0.0528608 0 -0.0872658 71
34304 0.0108821 0.510882 -0.126757 -0.05009 0 -0.0872646 72
33404 0.00633645 0.506336 -0.136082 -0.0474577 0 -0.0872534 73
33505 0.00271177 0.502712 -0.108183 -0.0448248 0 -0.0872592 74
30698 -0.000717252 0.499283 -0.111702 -0.0421913 0 -0.0872337 75
31603 -0.00320643 0.496794 -0.078764 -0.0396617 0 -0.0872553 76
33514 -0.00545904 0.494541 -0.067214 -0.0369225 0 -0.0872487 77
38207 -0.00726321 0.492737 -0.047221 -0.0316517 0 -0.0872228 78
32978 -0.00923306 0.490767 -0.0597321 -0.0263791 0 -0.0862717 79
67054 -0.0102892 0.489711 -0.0157501 -0.021105 0 -0.0868084 81
34266 -0.0111377 0.488862 -0.0247631 -0.0158298 0 -0.0798102 82
36163 -0.0123442 0.487656 -0.0333625 -0.0105537 0 -0.0149207 83
30160 -0.0133117 0.486688 -0.032081 -0.005277 0 0.0574383 84
33496 -0.014083 0.485917 -0.0230244 0 0 0.0792734 85
33501 -0.0147107 0.485289 -0.0187375 0.005277 0 0.0857053 86
33599 -0.0152072 0.484793 -0.0147765 0.0079154 0 0.0865254 87
33437 -0.0161268 0.483873 -0.0275046 0.0105537 0 0.0871214 88
34288 -0.0168655 0.483135 -0.0215425 0.0105537 0 0.0870757 89
33307 -0.0174497 0.48255 -0.0175412 0.0105537 0 0.0870381 90
33012 -0.0184468 0.481553 -0.0302032 0.0105537 0 0.0871533 91
33355 -0.019771 0.480229 -0.0396986 0.0079154 0 0.0871014 92
33856 -0.0203022 0.479698 -0.0156925 0.005277 0 0.0858591 93
33536 -0.0212539 0.478746 -0.028376 0.00263852 0 0.0854987 94
67347 -0.0225286 0.477471 -0.0189283 0 0 0.0805661 96
30706 -0.023552 0.476448 -0.0333294 -0.00263852 0 0.0796197 97
33571 -0.0243811 0.475619 -0.024696 -0.005277 0 0.0608755 98
35817 -0.0247885 0.475212 -0.0113736 -0.00793634 0 -0.00118165 99
33449 -0.0251117 0.474888 -0.00966266 -0.0105816 0 -0.0472839 100
33602 -0.0250989 0.474901 0.000378715 -0.0158298 0 -0.0842996 101
33233 -0.0253571 0.474643 -0.00776692 -0.0184676 0 -0.0854789 102
33367 -0.0252953 0.474705 0.00185243 -0.0184676 0 -0.0863385 103
33770 -0.0252395 0.47476 0.00165029 -0.0184676 0 -0.0863286 104
33513 -0.0246701 0.47533 0.0169914 -0.0184676 0 -0.0869467 105
67368 -0.0242138 0.475786 0.00677374 -0.0158298 0 -0.085429 107
66775 -0.0233277 0.476672 0.0132697 -0.0131918 0 -0.0839741 109
33485 -0.0220908 0.477909 0.0369385 -0.0105537 0 -0.0854455 110
33500 -0.0205764 0.479424 0.045207 -0.005277 0 -0.0792351 111
34015 -0.0188374 0.481163 0.0511235 -0.00263852 0 -0.0733655 112
33525 -0.017444 0.482556 0.0415632 0.00263852 0 0.0129201 113
33547 -0.0158113 0.484189 0.0486696 0.0079154 0 0.064397 114
30650 -0.0145074 0.485493 0.042539 0.0131918 0 0.084935 115
35640 -0.0129403 0.48706 0.043971 0.0131918 0 0.0845371 116
33548 -0.0116866 0.488313 0.0373702 0.0131918 0 0.0852605 117
33685 -0.0106798 0.48932 0.0298908 0.0131918 0 0.0858342 118
33520 -0.00933516 0.490665 0.0401131 0.0131918 0 0.0846589 119
100519 -0.00826138 0.491739 0.0106823 0.0105537 0 0.0857612 122
33779 -0.0074048 0.492595 0.0253583 0.0105537 0 0.08395 123
33869 -0.00619498 0.493805 0.0357207 0.0131918 0 0.0848885 124
28905 -0.00522399 0.494776 0.0335924 0.0105537 0 0.0815709 125
33630 -0.00497213 0.495028 0.00748913 0.0079154 0 0.0835354 126
33225 -0.00424191 0.495758 0.0219779 0.005277 0 0.0663359 127
37789 -0.003656 0.496344 0.0155049 0.00263852 0 0.0504295 128
33308 -0.0031876 0.496812 0.0140628 0 0 0.0132778 129
33603 -0.00280973 0.49719 0.0112449 -0.00263852 0 -0.0256689 130
34389 -0.00250745 0.497493 0.00879016 -0.00263852 0 -0.0195237 131
33344 -0.00173795 0.498262 0.0230775 -0.005277 0 -0.0747215 132
28860 -0.00112131 0.498879 0.0213666 -0.005277 0 -0.0737214 133
33130 -0.000632167 0.499368 0.0147644 -0.005277 0 -0.067382 134
71892 0.000284433 0.500284 0.0127497 -0.00263852 0 -0.036081 136
33016 0.00101769 0.501018 0.0222091 -0.00263852 0 -0.057115 137
33815 0.00239962 0.5024 0.0408675 -0.00263852 0 -0.0783104 138
33597 0.00323719 0.503237 0.0249297 -0.00263852 0 -0.0640485 139
33060 0.00390887 0.503909 0.0203171 0 0 -0.0218554 140
33437 0.00443894 0.504439 0.0158526 0.00263852 0 0.0349535 141
33680 0.00539303 0.505393 0.0283281 0.005277 0 0.0412895 142
33933 0.00615633 0.506156 0.0224942 0.0079154 0 0.0735741 143
66281 0.00676471 0.506765 0.00917887 0.0079154 0 0.0803037 145
34535 0.00777906 0.507779 0.0293717 0.0105537 0 0.0787829 146
32609 0.0080629 0.508063 0.00870426 0.0105537 0 0.0843672 147
134413 0.00882155 0.508822 0.00564416 0.0105537 0 0.0846976 151
33341 0.00942844 0.509428 0.0182026 0.0131918 0 0.0852645 152
66974 0.0101839 0.510184 0.0112794 0.0105537 0 0.0836226 154
33987 0.0107894 0.510789 0.0178163 0.0079154 0 0.074112 155
30602 0.0107461 0.510746 -0.001416 0.0079154 0 0.0823812 156
36298 0.0112409 0.511241 0.0136326 0.005277 0 0.060531 157
33234 0.0111105 0.51111 -0.00392414 0.00263852 0 0.0613396 158
34185 0.0110058 0.511006 -0.00306175 0 0 0.0291312 159
33587 0.0109251 0.510925 -0.00240285 -0.00263852 0 -0.0185155 160
33464 0.0103384 0.510338 -0.0175337 -0.005277 0 -0.0192842 161
28917 0.0103912 0.510391 0.00182625 -0.005277 0 -0.0619713 162
33248 0.0104334 0.510433 0.00126925 -0.005277 0 -0.0611887 163
37465 0.0104641 0.510464 0.000820926 -0.005277 0 -0.0605404 164
33727 0.0104887 0.510489 0.000729882 -0.005277 0 -0.0604302 165
33377 0.0105088 0.510509 0.000600029 -0.005277 0 -0.0602533 166
67589 0.0107803 0.51078 0.00401691 -0.005277 0 -0.0654523 168
33060 0.0109971 0.510997 0.00655723 -0.00263852 0 -0.0419223 169
33357 0.0111704 0.51117 0.00519801 -0.00263852 0 -0.039071 170
67264 0.0113075 0.511308 0.0020381 0.00263852 0 0.0530754 172
33455 0.0114132 0.511413 0.00315706 0.00263852 0 0.0508042 173
33588 0.0115017 0.511502 0.00263703 0.00263852 0 0.0516803 174
33454 0.0115726 0.511573 0.00211843 0.00263852 0 0.052563 175
31276 0.0113701 0.51137 -0.00647388 0.00263852 0 0.0639842 176
35799 0.0114673 0.511467 0.00271392 0.005277 0 0.0718479 177
33578 0.0115442 0.511544 0.00228989 0.005277 0 0.0721151 178
33562 0.0116082 0.511608 0.00190738 0.005277 0 0.0723562 179
66858 0.0114026 0.511403 -0.00307482 0.00263852 0 0.0599783 181
33503 0.0109701 0.51097 -0.0129108 0.00263852 0 0.0704648 182
34216 0.0108921 0.510892 -0.00227855 0.00263852 0 0.0595628 183
66055 0.0103024 0.510302 -0.00892784 0 0 0.0434084 185
33769 0.00983328 0.509833 -0.0138911 -0.00263852 0 0.0172231 186
33657 0.00945908 0.509459 -0.011118 -0.00263852 0 0.0106511 187
100802 0.00915688 0.509157 -0.00299791 -0.005277 0 -0.0521084 190
33262 0.00944418 0.509444 0.00863732 -0.005277 0 -0.0696685 191
33450 0.00967401 0.509674 0.00687102 -0.005277 0 -0.0678844 192
33378 0.00985789 0.509858 0.00550903 -0.005277 0 -0.0664091 193
67506 0.0100041 0.510004 0.00216588 -0.005277 0 -0.0620117 195
33142 0.0106498 0.51065 0.0194827 -0.005277 0 -0.0789531 196
33324 0.0106373 0.510637 -0.000375614 -0.005277 0 -0.058865 197
33821 0.0111539 0.511154 0.0152743 -0.005277 0 -0.0766378 198
33469 0.0115668 0.511567 0.0123362 -0.00263852 0 -0.0547239 199
66825 0.0124272 0.512427 0.0128762 0.00263852 0 0.0258839 201
33464 0.0131109 0.513111 0.0204299 0.0079154 0 0.0702359 202
33494 0.0136524 0.513652 0.0161673 0.0105537 0 0.0817799 203
33824 0.014091 0.514091 0.012968 0.0105537 0 0.08252 204
33475 0.0146906 0.514691 0.0179126 0.0105537 0 0.0809508 205
33583 0.0146474 0.514647 -0.00128676 0.0105537 0 0.0849056 206
34116 0.0151444 0.515144 0.0145675 0.0105537 0 0.0818489 207
33508 0.0152857 0.515286 0.00421758 0.0105537 0 0.0840473 208
66123 0.0154013 0.515401 0.00174785 0.0105537 0 0.0844124 210
67627 0.0154942 0.515494 0.00137406 0.0105537 0 0.0844542 212
33804 0.0155686 0.515569 0.00219876 0.0079154 0 0.0799185 213
30759 0.0156304 0.51563 0.00201143 0.005277 0 0.0693302 214
31862 0.0156786 0.515679 0.00151154 0.00263852 0 0.0471386 215
37363 0.0157188 0.515719 0.00107682 0 0 0.00660683 216
33387 0.0152256 0.515226 -0.0147713 -0.00263852 0 0.00736736 217
33510 0.0153591 0.515359 0.00398254 -0.005277 0 -0.0697953 218
33545 0.0154659 0.515466 0.00318235 -0.005277 0 -0.0690132 219
33424 0.0155513 0.515551 0.00255545 -0.005277 0 -0.0683807 220
34225 0.0156196 0.51562 0.00199582 -0.005277 0 -0.0677923 221
33095 0.0156753 0.515675 0.00168395 -0.005277 0 -0.0674745 222
33301 0.0162453 0.516245 0.0171166 -0.005277 0 -0.0800411 223
33333 0.0161763 0.516176 -0.00207069 -0.005277 0 -0.063089 224
33869 0.0166457 0.516646 0.0138606 -0.005277 0 -0.0785185 225
33410 0.0170202 0.51702 0.0112073 -0.00263852 0 -0.0602316 226
33450 0.017847 0.517847 0.0247186 0 0 -0.0574761 227
33853 0.0185059 0.518506 0.0194644 0.00263852 0 -0.00755476 228
33164 0.0190338 0.519034 0.0159166 0.005277 0 0.044467 229
33422 0.019452 0.519452 0.0125141 0.005277 0 0.0508667 230
34135 0.0197867 0.519787 0.00980286 0.0079154 0 0.0740893 231
33376 0.0200576 0.520058 0.00811849 0.0079154 0 0.0750065 232
33490 0.0202756 0.520276 0.00650863 0.0079154 0 0.0758493 233
33456 0.0204488 0.520449 0.00517728 0.0079154 0 0.0765088 234
31527 0.021119 0.521119 0.0212578 0.0079154 0 0.06096 235
33425 0.0211266 0.521127 0.000226471 0.0079154 0 0.0786472 236
35651 0.0216628 0.521663 0.0150403 0.005277 0 0.0416604 237
33790 0.021564 0.521564 -0.0029229 0.00263852 0 0.0461117 238
32582 0.0220144 0.522014 0.0138246 0 0 -0.0425649 239
33782 0.0223784 0.522378 0.0107751 -0.00263852 0 -0.065765 240
66949 0.0226656 0.522666 0.00428946 -0.00263852 0 -0.0563347 242
33586 0.022894 0.522894 0.0068006 0 0 -0.026806 243
33381 0.0236059 0.523606 0.0213253 0 0 -0.059532 244
33597 0.0238965 0.523896 0.00864877 0 0 -0.0337659 245
33500 0.0246566 0.524657 0.0226907 0 0 -0.0628801 246
33403 0.0252671 0.525267 0.0182777 0 0 -0.056702 247
34104 0.0255014 0.525501 0.00686859 0 0 -0.032528 248
33097 0.0256875 0.525688 0.00562424 0 0 -0.0296812 249
33412 0.0263655 0.526366 0.0202922 0 0 -0.0613817 250
34079 0.0269045 0.526904 0.0158146 0.005277 0 0.0292527 251
33620 0.0273308 0.527331 0.0126815 0.0079154 0 0.0658084 252
30293 0.0279244 0.527924 0.0195934 0.0131918 0 0.0821688 253
33776 0.028404 0.528404 0.0142006 0.0158298 0 0.085701 254
33597 0.0285182 0.528518 0.00339919 0.0184676 0 0.0869097 255
39096 0.028097 0.528097 -0.0107741 0.0184676 0 0.0870984 256
30768 0.02776 0.52776 -0.0109512 0.021105 0 0.087201 257
33636 0.0274904 0.52749 -0.00801498 0.0237422 0 0.0872353 258
66429 0.0272717 0.527272 -0.00329208 0.0237422 0 0.0872285 260
33974 0.0268511 0.526851 -0.0123809 0.021105 0 0.0872075 261
32999 0.0262349 0.526235 -0.0186731 0.0184676 0 0.0871636 262
33432 0.025738 0.525738 -0.0148637 0.0158298 0 0.0869577 263
33977 0.0248199 0.52482 -0.0270209 0.0131918 0 0.0868668 264
30746 0.0240884 0.524088 -0.0237926 0.0105537 0 0.0861125 265
35613 0.0229757 0.522976 -0.0312425 0.0079154 0 0.085384 266
34085 0.0220853 0.522085 -0.0261239 0.005277 0 0.0814276 267
66721 0.0208468 0.520847 -0.0185619 0.00263852 0 0.0675088 269
33578 0.0201347 0.520135 -0.021209 0 0 0.0490547 270
33950 0.0195624 0.519562 -0.0168561 -0.00263852 0 0.00302478 271
67264 0.0188335 0.518834 -0.0108365 -0.005277 0 -0.0520487 273
33327 0.0182503 0.51825 -0.0174985 -0.0079154 0 -0.0659509 274
28884 0.0177789 0.517779 -0.016323 -0.005277 0 -0.0383185 275
38250 0.0174017 0.517402 -0.00986087 -0.005277 0 -0.0517025 276
33612 0.0170973 0.517097 -0.00905632 -0.00263852 0 -0.0136982 277
33065 0.0168538 0.516854 -0.00736383 -0.00263852 0 -0.0180096 278
33280 0.0166562 0.516656 -0.00593718 0 0 0.0245897 279
66893 0.0164964 0.516496 -0.00238978 0.00263852 0 0.0526707 281
33516 0.0168964 0.516896 0.0119348 0.005277 0 0.0557927 282
67726 0.0174834 0.517483 0.00866708 0.0079154 0 0.0760693 284
33501 0.0174313 0.517431 -0.00155323 0.0105537 0 0.0846175 285
32999 0.0173856 0.517386 -0.0013854 0.0131918 0 0.0862065 286
33325 0.017345 0.517345 -0.00121803 0.0158298 0 0.0868445 287
67171 0.0173198 0.51732 -0.000375352 0.0131918 0 0.0861533 289
33623 0.0173008 0.517301 -0.000563729 0.0105537 0 0.0844971 290
33860 0.0172875 0.517287 -0.000394313 0.0079154 0 0.0803003 291
33230 0.0172768 0.517277 -0.000321072 0.005277 0 0.0700432 292
33429 0.0167403 0.51674 -0.0160508 0.00263852 0 0.0686444 293
33536 0.0168415 0.516841 0.00301791 0.00263852 0 0.0417469 294
33380 0.0169228 0.516923 0.0024374 0 0 -0.000332156 295
36722 0.0169879 0.516988 0.00177246 0 0 0.00149327 296
