0.0872634 0
0.0872663 -0.318399
0.0872624 0.0345237
0.0872656 0.0484964
0.0872659 0.0549357
0.087266 0.0594894
0.0872661 0.0623201
0.0872659 0.0651458
0.0872657 0.0674112
0.0872653 0.0692811
0.0872634 0.0713864
0.0872617 0.0728367
0.087259 0.0740126
0.0872546 0.0750503
0.0872467 0.0759465
0.0872338 0.0766973
0.0872107 0.07734
0.0871536 0.0780628
0.0867256 0.081152
0.0817237 0.0724626
0.067486 0.0615434
0.0374588 0.0365587
-0.0860044 -0.0689423
-0.086858 -0.0691915
-0.0863196 -0.0667651
-0.0871171 -0.0531732
-0.0870021 -0.0423984
-0.0870018 -0.0330625
-0.0866712 -0.0258534
-0.0851622 -0.0191548
-0.0832181 -0.0130913
-0.0788768 -0.00591054
-0.0464154 0.0240009
0.0400373 0.100605
0.0745346 0.142825
0.0863452 0.151351
0.0867047 0.149861
0.0869761 0.148484
0.0868295 0.1452
0.087195 0.145816
0.0872238 0.144198
0.0872178 0.144251
0.0872105 0.144351
0.0872629 0.13877
0.0872637 0.133415
0.0869921 0.121778
0.0860288 0.111985
0.0859829 0.107145
0.0828171 0.0991072
0.0853923 0.0995643
0.075637 0.0870422
-0.0286295 -0.0229194
-0.021801 -0.0169253
0.0549563 0.0579469
-0.0837818 -0.0557955
-0.080891 -0.0421976
-0.0545814 -0.010359
-0.0649836 -0.0120466
-0.0142233 0.0394306
0.0559993 0.108629
0.0864497 0.134169
0.0262673 0.0790848
0.0643023 0.117205
0.0772927 0.118246
0.0869997 0.118976
0.0805318 0.116935
0.0760741 0.105667
0.0667931 0.0892691
0.0864513 0.104194
0.0196572 0.0381001
-0.0594696 -0.0369944
-0.0692694 -0.0490825
-0.0635571 -0.0467223
-0.0566346 -0.0426556
-0.0326397 -0.0224681
-0.0510678 -0.040678
0.0178665 0.0373324
-0.0101681 0.00708448
-0.0107968 0.00337255
0.0125942 0.0376076
0.0381916 0.0566885
0.0310527 0.0458668
0.0641327 0.0883982
0.0773768 0.0955467
0.0827966 0.110436
0.0859864 0.106989
0.0851815 0.10087
0.0861979 0.111394
0.0822836 0.102239
0.0835224 0.0990904
0.0806802 0.0931411
0.0542137 0.0653402
0.0675411 0.0758128
-0.0641707 -0.0510086
-0.0707379 -0.0588098
-0.0690657 -0.0559836
-0.0811777 -0.0704474
-0.0839663 -0.0734382
-0.0810716 -0.0719551
-0.0839388 -0.0746977
-0.0840392 -0.0752722
-0.0494954 -0.0425762
-0.0452854 -0.0409253
-0.0307567 -0.027533
0.0364518 0.0360165
0.0503313 0.0492027
0.0711862 0.0677534
0.0413417 0.040391
0.0527651 0.0513102
0.0606969 0.0588904
0.0727508 0.0695959
0.068634 0.0664363
0.0800016 0.0770996
0.0795696 0.0766995
0.0672979 0.0654949
0.0411056 0.0406706
-0.00493412 -0.00352077
-0.0484833 -0.0451388
-0.006626 -0.00496247
-0.0327197 -0.0285281
0.0211004 0.021663
-0.0365599 -0.0335204
-0.0375433 -0.0346946
-0.0226647 -0.0186531
-0.00423873 -0.00263529
-0.0297659 -0.0254006
-0.0179134 -0.015836
-0.0239945 -0.0216316
0.0172808 0.0180621
-0.0379473 -0.035049
-0.0385383 -0.0356224
-0.0392574 -0.0363071
-0.0398015 -0.0368443
0.00457335 0.00587938
-0.0231038 -0.0189774
0.0158589 0.0187838
0.0304215 0.0306243
0.0561697 0.0552678
0.0507935 0.0501786
0.0452439 0.0449067
0.0401296 0.0400337
0.0621314 0.0610065
0.0562988 0.0555221
0.0511554 0.0506445
0.0463005 0.0460217
0.0549299 0.0542834
0.0327304 0.0331022
-0.0403696 -0.0373019
-0.00369709 -0.00180245
-0.0526397 -0.0435875
0.00266565 0.00432277
-0.00879987 -0.006669
-0.0184708 -0.015964
-0.0273199 -0.0244141
-0.033305 -0.0301507
-0.0371582 -0.0339162
-0.0405181 -0.0371073
-0.0700196 -0.0651179
-0.067801 -0.063017
-0.0658987 -0.0612703
-0.0642208 -0.0596931
-0.0628418 -0.0583734
-0.061683 -0.0572742
-0.0613446 -0.0571414
-0.0172366 -0.0151577
0.0364054 0.0363043
0.0680864 0.0664285
0.0802437 0.0774668
0.0806272 0.0778659
0.0810198 0.0782133
0.0846806 0.0813285
0.0843793 0.0810953
0.0841418 0.0809457
0.0838937 0.0807486
0.0848709 0.0952474
0.0771671 0.0860879
0.079852 0.0861077
0.054032 0.0605505
0.0472867 0.0526695
0.0185815 0.0242891
-0.037813 -0.0301467
-0.0713754 -0.062341
-0.0828379 -0.0729729
-0.0860059 -0.0754799
-0.0869065 -0.0756469
-0.08716 -0.0753632
-0.0872338 -0.0746228
-0.0872566 -0.0738539
-0.0872654 -0.0723023
-0.0872659 -0.0630085
-0.0872664 -0.0696896
-0.0872664 -0.0552231
-0.0872665 -0.0575843
-0.0872665 -0.0443482
-0.0872665 -0.0344552
-0.0872665 -0.0270984
-0.0872665 -0.021281
-0.0872665 -0.0163339
-0.0872664 -0.0128552
-0.0872664 -0.00938094
-0.0872658 0.00653357
-0.0872495 0.0182592
-0.0870396 0.0271759
-0.0815267 0.0381592
-0.0490336 0.0721127
0.0812539 0.189731
0.0864193 0.184314
0.087185 0.175706
0.087251 0.167716
0.0872652 0.141302
0.0872631 0.135057
0.0872656 0.122273
0.0872659 0.11271
0.0872661 0.104833
0.0872662 0.0983144
0.0872661 0.0773301
0.0872661 0.0761995
0.087265 0.0607091
0.0872634 0.0640698
0.0872631 0.066978
0.087246 0.0543099
0.0872058 0.0446954
0.0871849 0.0520375
0.0869696 0.0431953
0.0867942 0.0508867
0.0864694 0.0569066
0.0841181 0.060436
0.08488 0.0645799
0.0723074 0.057098
0.0623995 0.0503762
0.0133857 0.00635234
-0.0463386 -0.0620209
-0.0827145 -0.086881
-0.073207 -0.0788205
-0.0871042 -0.0869625
-0.0872361 -0.0816712
-0.087247 -0.0858516
-0.0872145 -0.0842128
-0.0872534 -0.0820387
-0.0872536 -0.0806329
-0.0872586 -0.0790544
-0.0872416 -0.0794194
-0.0872378 -0.0723685
-0.0872534 -0.0899805
-0.0872605 -0.0860779
-0.0872316 -0.0856348
-0.0872088 -0.0841388
-0.08716 -0.0830755
-0.0866011 -0.0831675
-0.0870305 -0.0942417
-0.0857553 -0.0918475
-0.0848344 -0.0886678
-0.0802094 -0.0831667
-0.0788328 -0.0799215
-0.0233601 -0.0285252
-0.0494827 -0.0511602
0.0305428 0.0233318
0.051534 0.0430566
0.0835828 0.069842
0.0648558 0.0557517
0.0750551 0.066028
0.0701219 0.061665
0.0770468 0.0687442
0.0814324 0.0732387
0.0831426 0.0751734
0.0841935 0.0763497
0.0833922 0.0766633
0.0721631 0.0668693
0.0696215 0.063312
0.0435965 0.0409047
-0.0321031 -0.0310495
-0.0558479 -0.0532507
-0.0264287 -0.0250733
-0.0192033 -0.0184694
-0.02231 -0.0214274
-0.0251993 -0.0241795
0.0178075 0.0170443
0.0106292 0.0101969
0.00265257 0.00255944
-0.00393488 -0.00375688
-0.0503821 -0.0623622
-0.0529554 -0.0619132
-0.0653225 -0.0847279
-0.0806146 -0.0937521
-0.080034 -0.103148
-0.085196 -0.113808
-0.0864779 -0.108238
-0.0852675 -0.118974
-0.0854795 -0.123397
-0.0869853 -0.126489
-0.0866948 -0.129879
-0.0870945 -0.13057
-0.0870711 -0.132492
-0.0870513 -0.120099
-0.0871826 -0.12901
-0.0871639 -0.131256
-0.0872592 -0.136025
-0.0872591 -0.135536
-0.0872645 -0.131746
-0.0872642 -0.132411
-0.0872657 -0.128937
-0.0872656 -0.129304
-0.0872661 -0.127122
-0.0872655 -0.129576
-0.0872647 -0.12142
-0.0872626 -0.114141
-0.0872273 -0.110672
-0.0871977 -0.104837
-0.0868775 -0.101547
-0.0865998 -0.0972391
-0.0595266 -0.0571704
0.0347821 0.0456536
0.0800615 0.098681
0.0850016 0.111134
0.0866139 0.104774
0.0869532 0.0996209
0.0870936 0.089852
0.0871134 0.091331
0.0871052 0.0885485
0.0870738 0.0867273
0.0867132 0.085421
0.0858268 0.0800032
0.0865834 0.0828508
0.0837947 0.0776646
0.0857061 0.0810971
0.0824867 0.0785529
0.0788376 0.0750912
0.0719745 0.0686415
0.0570876 0.0546969
0.0340454 0.0330515
0.0035787 0.00446813
-0.0300459 -0.0269124
-0.073479 -0.0672145
-0.0459489 -0.0415926
-0.0649071 -0.0595076
-0.0589423 -0.0540091
-0.0714392 -0.065866
-0.0720185 -0.0664649
-0.0782619 -0.0723657
-0.0637284 -0.0593561
-0.0651521 -0.0574866
0.0386128 0.0219038
0.0346231 0.0211811
0.0489609 0.037064
0.0754518 0.0634645
0.0254102 0.00368201
0.0441941 0.02552
0.0572806 0.041143
0.0292114 0.0175945
0.0309942 0.0214926
0.0488394 0.0401106
0.0612675 0.0531733
0.0361604 0.0308105
-0.00160965 -0.00403094
-0.019008 -0.0196662
-0.0671847 -0.0623365
-0.0506729 -0.0486726
-0.00160875 -0.00174924
-0.0569174 -0.0540548
-0.0629429 -0.0595453
-0.0802097 -0.0753286
-0.0670366 -0.0630418
-0.0811465 -0.0759814
-0.0686206 -0.0644008
-0.071385 -0.0671316
-0.000682729 0.000158848
-0.00670329 -0.0058221
0.0669993 0.0647808
0.0646941 0.0626437
0.0615805 0.0596676
0.0612003 0.0593947
0.0669512 0.0644043
0.0724921 0.0701306
0.0702492 0.068069
0.0342809 0.0343738
-0.0021436 -0.000997603
0.00956181 0.0112811
0.0268759 0.0269799
0.0199337 0.0203332
-0.0465985 -0.0415342
-0.0378389 -0.0350993
-0.0577288 -0.0476184
-0.0688308 -0.0643404
-0.0629199 -0.0566088
-0.0343527 -0.031645
-0.0680163 -0.0636035
-0.0664721 -0.0621973
-0.0126205 -0.0108088
-0.0589649 -0.0551476
-0.0410668 -0.0382722
-0.0183497 -0.01657
0.0270825 0.0281713
0.040893 0.0410949
0.0723443 0.0701452
0.0460562 0.045315
0.0665546 0.0648287
0.0761948 0.0737636
0.0542903 0.0532683
0.0707215 0.068823
0.0197735 0.0232581
-0.0242377 -0.0167116
-0.0176998 -0.013932
-0.0219028 -0.0144246
0.00647103 0.00766669
-0.00149427 2.79973e-05
-0.0309018 -0.0281705
-0.0326257 -0.0298571
-0.0661684 -0.0500797
