0 0 0.104171 0 0.0872634 0 0.0872634
0.000253084 -0.443917 0.106512 0.892746 -0.356651 0 0.0872663
-0.000148409 -0.00258023 0.122491 0.407685 0.0846822 0 0.0872624
-0.000369724 -0.00549393 0.108921 0.593071 0.0817717 0 0.0872656
-0.000524087 -0.0068161 0.105825 0.682857 0.0804498 0 0.0872659
-0.000419269 -0.00635289 0.104795 0.735226 0.0809131 0 0.087266
-0.000335416 -0.00636693 0.103902 0.770343 0.0808991 0 0.0872661
-0.000268332 -0.0056399 0.10149 0.7981 0.081626 0 0.0872659
-0.000214666 -0.00491697 0.0998535 0.818606 0.0823487 0 0.0872657
-0.000171733 -0.00420178 0.098838 0.834074 0.0830635 0 0.0872653
-0.000137386 -0.00289494 0.0981762 0.846127 0.0843684 0 0.0872634
-0.000109909 -0.0021457 0.0977705 0.855734 0.085116 0 0.0872617
-8.79272e-05 -0.00147481 0.0979496 0.862776 0.0857842 0 0.087259
-7.03417e-05 -0.000763755 0.0986281 0.867726 0.0864908 0 0.0872546
-5.62734e-05 -5.29789e-05 0.0996938 0.871009 0.0871937 0 0.0872467
-4.50187e-05 0.000639624 0.101131 0.872816 0.0878734 0 0.0872338
-3.6015e-05 0.00133222 0.10282 0.873475 0.0885429 0 0.0872107
-2.8812e-05 0.00218482 0.104371 0.873788 0.0893384 0 0.0871536
-0.00531338 0.00651735 0.107412 0.870329 0.0932429 0 0.0867256
-0.0042507 0.00169597 0.109026 0.868651 0.0834196 0 0.0817237
-0.00340056 0.00356602 0.111352 0.866174 0.071052 0 0.067486
-0.0106855 0.00512483 0.115432 0.858514 0.0425836 0 0.0374588
-0.00854842 0.0029267 0.129533 0.829853 -0.0830777 0 -0.0860044
-0.00683874 0.00316556 0.131525 0.826736 -0.0836924 0 -0.086858
-0.00547099 0.00660586 0.127042 0.837561 -0.0797137 0 -0.0863196
0.0115941 0.0232178 0.130171 0.832139 -0.0638994 0 -0.0871171
0.0252061 0.0365879 0.126636 0.841 -0.0504142 0 -0.0870021
0.0361293 0.0477528 0.12653 0.842376 -0.0392491 0 -0.0870018
0.0448279 0.056231 0.123712 0.849318 -0.0304402 0 -0.0866712
0.0517753 0.0627531 0.121483 0.854779 -0.0224091 0 -0.0851622
0.0572173 0.0679761 0.119806 0.858898 -0.015242 0 -0.0832181
0.061693 0.0719781 0.121094 0.856757 -0.00689874 0 -0.0788768
0.0652471 0.0742463 0.118574 0.862383 0.027831 0 -0.0464154
0.068464 0.075497 0.114643 0.870783 0.115534 0 0.0400373
0.0866022 0.092411 0.12201 0.855518 0.166946 0 0.0745346
0.0851939 0.088434 0.117098 0.865953 0.174779 0 0.0863452
0.0841717 0.0866764 0.118127 0.864345 0.173381 0 0.0867047
0.0832653 0.084944 0.118686 0.863681 0.17192 0 0.0869761
0.0825753 0.0841119 0.125721 0.849416 0.170941 0 0.0868295
0.0819765 0.0818717 0.119707 0.862473 0.169067 0 0.087195
0.0815349 0.0806436 0.121576 0.858997 0.167867 0 0.0872238
0.0810326 0.0801693 0.120413 0.861784 0.167387 0 0.0872178
0.0806153 0.0797924 0.119326 0.86436 0.167003 0 0.0872105
0.0725693 0.0665314 0.0996939 0.902311 0.153794 0 0.0872629
0.0660247 0.0592104 0.0950372 0.910842 0.146474 0 0.0872637
0.0528197 0.0527774 0.116009 0.871279 0.139769 0 0.0869921
0.0422558 0.043133 0.117892 0.867013 0.129162 0 0.0860288
0.0338046 0.0346994 0.10724 0.887828 0.120682 0 0.0859829
0.0270437 0.0287722 0.107022 0.888142 0.111589 0 0.0828171
0.021635 0.022901 0.089397 0.919395 0.108293 0 0.0853923
0.017308 0.01981 0.0938495 0.911943 0.095447 0 0.075637
-0.00205098 0.00280984 0.104942 0.88767 -0.0258197 0 -0.0286295
-0.00164079 0.00324986 0.0913373 0.912356 -0.0185512 0 -0.021801
-0.00131263 0.00620563 0.068032 0.947433 0.0611619 0 0.0549563
0.0148114 0.021715 0.098982 0.898959 -0.0620668 0 -0.0837818
0.0278021 0.0341286 0.0972896 0.902382 -0.0467625 0 -0.080891
0.0381979 0.0432982 0.0883329 0.918093 -0.0112832 0 -0.0545814
0.0462981 0.0516585 0.0969908 0.904049 -0.0133252 0 -0.0649836
0.053256 0.0573382 0.0912043 0.914548 0.0431149 0 -0.0142233
0.0586042 0.0614204 0.0850118 0.925135 0.11742 0 0.0559993
0.0548216 0.055026 0.068875 0.948351 0.141476 0 0.0864497
0.0597971 0.062554 0.105163 0.89038 0.0888213 0 0.0262673
0.0649522 0.0665593 0.102567 0.895645 0.130862 0 0.0643023
0.0519617 0.0529245 0.0948181 0.908071 0.130217 0 0.0772927
0.0415694 0.0384828 0.0677751 0.94815 0.125482 0 0.0869997
0.0491509 0.049323 0.0978569 0.900502 0.129855 0 0.0805318
0.0393207 0.0397474 0.0908706 0.912326 0.115821 0 0.0760741
0.0314566 0.031992 0.0960176 0.90367 0.0987851 0 0.0667931
0.0251653 0.0225092 0.0600286 0.956259 0.108961 0 0.0864513
0.0201322 0.021674 0.0856884 0.921823 0.0413312 0 0.0196572
0.0161058 0.0188911 0.0921248 0.911676 -0.0405785 0 -0.0594696
0.0128846 0.0161294 0.0849493 0.923644 -0.05314 0 -0.0692694
0.0103077 0.0132708 0.0815495 0.929126 -0.0502863 0 -0.0635571
0.00824616 0.0109814 0.0782496 0.934339 -0.0456533 0 -0.0566346
0.00659693 0.00884017 0.0715819 0.944056 -0.0237996 0 -0.0326397
0.00527754 0.0077753 0.075065 0.939609 -0.0432925 0 -0.0510678
0.0201451 0.0214245 0.0656417 0.950151 0.039291 0 0.0178665
0.0161161 0.0176693 0.0701849 0.944448 0.00750119 0 -0.0101681
0.0128929 0.0143658 0.0700438 0.944944 0.00356905 0 -0.0107968
0.0263162 0.0273342 0.0708377 0.941876 0.0399284 0 0.0125942
0.021053 0.0216044 0.066219 0.948031 0.059796 0 0.0381916
0.0168424 0.0173973 0.0676095 0.946681 0.0484501 0 0.0310527
0.0293335 0.0291574 0.0652633 0.947562 0.0932901 0 0.0641327
0.0234668 0.0226921 0.0594488 0.954809 0.100069 0 0.0773768
0.0347298 0.0334189 0.0609407 0.950269 0.116216 0 0.0827966
0.0277838 0.0256383 0.0539231 0.958471 0.111625 0 0.0859864
0.022227 0.0202713 0.0565936 0.956543 0.105453 0 0.0851815
0.0335421 0.0310974 0.0591972 0.949687 0.117295 0 0.0861979
0.0268337 0.025378 0.0602017 0.949636 0.107662 0 0.0822836
0.0212106 0.0196809 0.051286 0.960148 0.103203 0 0.0835224
0.0169685 0.0159089 0.0481134 0.964302 0.0965892 0 0.0806802
0.0135748 0.0136403 0.0506347 0.962953 0.067854 0 0.0542137
0.0108598 0.0106423 0.0442615 0.96968 0.0781833 0 0.0675411
0.00868786 0.0109463 0.0567911 0.958369 -0.0532244 0 -0.0641707
0.00695029 0.00962693 0.0535214 0.962345 -0.061111 0 -0.0707379
0.00556023 0.0111412 0.0497404 0.966494 -0.0579245 0 -0.0690657
0.00444818 0.00786601 0.0544446 0.960929 -0.0733117 0 -0.0811777
0.00355855 0.007309 0.0575186 0.958007 -0.0766573 0 -0.0839663
0.00284684 0.00626209 0.0542834 0.961844 -0.0748095 0 -0.0810716
0.00227747 0.00604717 0.0573043 0.958996 -0.0778916 0 -0.0839388
0.00182198 0.00557391 0.0573367 0.959306 -0.0784653 0 -0.0840392
0.00145758 0.0055147 0.0491287 0.968066 -0.0439807 0 -0.0494954
0.00116606 0.00288316 0.0521378 0.965168 -0.0424023 0 -0.0452854
0.000932852 0.00215507 0.055223 0.962639 -0.0286016 0 -0.0307567
0.000746282 0.000823352 0.0524079 0.966232 0.0372752 0 0.0364518
0.000597025 0.00044263 0.0502367 0.969055 0.0507739 0 0.0503313
0.00047762 -0.00157855 0.0462874 0.973361 0.0696077 0 0.0711862
0.000382096 0.00034194 0.0512884 0.968989 0.0416837 0 0.0413417
0.000305677 6.5546e-05 0.0495247 0.971219 0.0528307 0 0.0527651
0.000244542 -0.000167888 0.0482039 0.972928 0.060529 0 0.0606969
0.000195633 -0.00141258 0.0457535 0.975577 0.0713382 0 0.0727508
0.000156507 -0.000493627 0.0466854 0.974992 0.0681404 0 0.068634
0.000125205 -0.0011312 0.0441738 0.977548 0.0788704 0 0.0800016
0.000100164 -0.00112275 0.0442411 0.977726 0.0784468 0 0.0795696
8.01314e-05 -0.000306151 0.0445712 0.977656 0.0669917 0 0.0672979
6.41051e-05 0.000514649 0.0454076 0.977181 0.0416203 0 0.0411056
5.12841e-05 0.00132766 0.0467084 0.976242 -0.00360646 0 -0.00493412
4.10273e-05 0.00217674 0.0484353 0.974782 -0.0463066 0 -0.0484833
3.28218e-05 0.00153627 0.0482209 0.974996 -0.00508973 0 -0.006626
2.62574e-05 0.0034688 0.0480213 0.97529 -0.0292509 0 -0.0327197
2.1006e-05 0.00113823 0.0489321 0.974118 0.0222386 0 0.0211004
1.68048e-05 0.00218768 0.0479468 0.97522 -0.0343722 0 -0.0365599
1.34438e-05 0.00196726 0.047948 0.975223 -0.0355761 0 -0.0375433
1.0755e-05 0.00354242 0.0477376 0.975462 -0.0191223 0 -0.0226647
8.60404e-06 0.00153611 0.0477827 0.975087 -0.00270262 0 -0.00423873
6.88323e-06 0.00372267 0.0476688 0.975327 -0.0260432 0 -0.0297659
5.50659e-06 0.00167213 0.047571 0.975045 -0.0162413 0 -0.0179134
4.40527e-06 0.00181277 0.0475528 0.9752 -0.0221817 0 -0.0239945
3.52421e-06 0.00124731 0.0480379 0.974851 0.0185281 0 0.0172808
2.81937e-06 0.00201274 0.0476775 0.975355 -0.0359346 0 -0.0379473
2.2555e-06 0.00201709 0.0476881 0.975389 -0.0365212 0 -0.0385383
1.8044e-06 0.00203502 0.0477039 0.975412 -0.0372223 0 -0.0392574
1.44352e-06 0.00202918 0.0477163 0.975432 -0.0377723 0 -0.0398015
1.15481e-06 0.00145285 0.0475272 0.975637 0.0060262 0 0.00457335
9.23852e-07 0.00365844 0.0473268 0.975934 -0.0194454 0 -0.0231038
7.39081e-07 0.00336737 0.0457372 0.976988 0.0192262 0 0.0158589
5.91265e-07 0.000927858 0.0455341 0.976871 0.0313494 0 0.0304215
4.73012e-07 0.000421943 0.0460757 0.976606 0.0565917 0 0.0561697
3.7841e-07 0.000555322 0.0456595 0.97721 0.0513489 0 0.0507935
3.02728e-07 0.000690049 0.0454056 0.977637 0.0459339 0 0.0452439
2.42182e-07 0.000808047 0.0452828 0.977919 0.0409377 0 0.0401296
1.93746e-07 0.000292037 0.0461395 0.977301 0.0624235 0 0.0621314
1.54997e-07 0.000472434 0.0455405 0.977997 0.0567713 0 0.0562988
1.23997e-07 0.000606033 0.0452182 0.978421 0.0517615 0 0.0511554
9.91978e-08 0.000723234 0.0450458 0.978689 0.0470238 0 0.0463005
7.93583e-08 0.000538403 0.0452139 0.978638 0.0554683 0 0.0549299
6.34866e-08 0.00115295 0.0471974 0.976945 0.0338833 0 0.0327304
5.07893e-08 0.0021418 0.0484914 0.97578 -0.0382278 0 -0.0403696
4.06314e-08 0.00184835 0.0492559 0.974959 -0.00184874 0 -0.00369709
3.25051e-08 0.00796781 0.048418 0.975727 -0.0446719 0 -0.0526397
2.60041e-08 0.00177989 0.0493069 0.972382 0.00444554 0 0.00266565
2.08033e-08 0.00194708 0.0487144 0.97318 -0.00685279 0 -0.00879987
1.66426e-08 0.00207553 0.0483631 0.973693 -0.0163953 0 -0.0184708
1.33141e-08 0.00225505 0.0481471 0.974035 -0.0250649 0 -0.0273199
1.06513e-08 0.00235652 0.048044 0.974223 -0.0309485 0 -0.033305
8.52103e-09 0.00234832 0.0479966 0.974328 -0.0348098 0 -0.0371582
6.81682e-09 0.00243605 0.0479758 0.974404 -0.0380821 0 -0.0405181
5.45346e-09 0.00310875 0.0492771 0.973204 -0.0669108 0 -0.0700196
4.36277e-09 0.00305762 0.0490297 0.973334 -0.0647434 0 -0.067801
3.49021e-09 0.00295456 0.0488602 0.973408 -0.0629441 0 -0.0658987
2.79217e-09 0.00290086 0.0487364 0.973469 -0.06132 0 -0.0642208
2.23374e-09 0.00288003 0.0486502 0.973512 -0.0599617 0 -0.0628418
1.78699e-09 0.00285213 0.0485869 0.97354 -0.0588309 0 -0.061683
1.42959e-09 0.00262331 0.0490302 0.973096 -0.0587213 0 -0.0613446
1.14367e-09 0.00169197 0.0469161 0.975108 -0.0155446 0 -0.0172366
9.14939e-10 0.000766875 0.045412 0.976648 0.0371723 0 0.0364054
7.31951e-10 -0.000141606 0.0445354 0.977685 0.0679448 0 0.0680864
5.85561e-10 -0.00105329 0.0442095 0.978234 0.0791904 0 0.0802437
4.68449e-10 -0.0010563 0.0440322 0.978573 0.0795709 0 0.0806272
3.74759e-10 -0.00111975 0.0438572 0.97889 0.0799 0 0.0810198
2.99807e-10 -0.00169108 0.0427335 0.979985 0.0829896 0 0.0846806
2.39846e-10 -0.0016322 0.0427165 0.980037 0.0827471 0 0.0843793
1.91877e-10 -0.00154971 0.0427353 0.980066 0.0825921 0 0.0841418
1.53501e-10 -0.00150405 0.0427812 0.980083 0.0823896 0 0.0838937
0.015718 0.0139027 0.0442951 0.964299 0.0987737 0 0.0848709
0.0125744 0.0118968 0.0434133 0.966586 0.0890639 0 0.0771671
0.0100595 0.0093252 0.046078 0.965579 0.0891772 0 0.079852
0.00804763 0.00854427 0.045192 0.967627 0.0625762 0 0.054032
0.0064381 0.00723843 0.0481412 0.965968 0.0545251 0 0.0472867
0.00515048 0.00659352 0.0503362 0.964809 0.0251751 0 0.0185815
0.00412039 0.00655516 0.0514959 0.964451 -0.0312579 0 -0.037813
0.00329631 0.00664325 0.0534129 0.963061 -0.0647321 0 -0.0713754
0.00263705 0.00689767 0.0557664 0.960925 -0.0759403 0 -0.0828379
0.00210964 0.00722354 0.0584826 0.958081 -0.0787824 0 -0.0860059
0.00168771 0.00766783 0.061428 0.954671 -0.0792387 0 -0.0869065
0.00135017 0.00788964 0.0645741 0.950711 -0.0792703 0 -0.08716
0.00108013 0.00837866 0.0678915 0.946328 -0.0788551 0 -0.0872338
0.000864108 0.00881005 0.0713703 0.941455 -0.0784465 0 -0.0872566
0.000691286 0.00994423 0.0757407 0.93509 -0.0773212 0 -0.0872654
0.000553029 0.0194812 0.0792218 0.929538 -0.0677848 0 -0.0872659
0.000442423 0.0111869 0.0853094 0.91601 -0.0760795 0 -0.0872664
0.0163079 0.0268955 0.086785 0.914729 -0.060371 0 -0.0872664
0.0130464 0.0238295 0.0904582 0.90774 -0.0634369 0 -0.0872665
0.0264481 0.0380351 0.095347 0.900812 -0.0492313 0 -0.0872665
0.0372709 0.0489067 0.0975482 0.898213 -0.0383597 0 -0.0872665
0.0458202 0.0572733 0.0950935 0.903486 -0.0299931 0 -0.0872665
0.0531275 0.063886 0.091618 0.910206 -0.0233804 0 -0.0872665
0.058394 0.0693623 0.0907208 0.912295 -0.0179042 0 -0.0872665
0.0632144 0.073263 0.0874939 0.918007 -0.0140034 0 -0.0872664
0.0666048 0.0770424 0.0879669 0.917541 -0.010224 0 -0.0872664
0.0856481 0.0943333 0.0835434 0.924446 0.00706755 0 -0.0872658
0.100424 0.106935 0.0817175 0.92756 0.0196852 0 -0.0872495
0.112121 0.116402 0.0833014 0.925546 0.029362 0 -0.0870396
0.12176 0.122967 0.0865443 0.920817 0.0414406 0 -0.0815267
0.129581 0.128187 0.0925956 0.911049 0.0791535 0 -0.0490336
0.135667 0.130235 0.100618 0.897117 0.211489 0 0.0812539
0.124566 0.118211 0.0988185 0.900716 0.20463 0 0.0864193
0.115842 0.108267 0.100113 0.898971 0.195452 0 0.087185
0.108704 0.100068 0.102416 0.89535 0.187319 0 0.087251
0.0869635 0.0693495 0.0980685 0.902225 0.156615 0 0.0872652
0.0695708 0.0615289 0.095292 0.907693 0.148792 0 0.0872631
0.0556566 0.0469464 0.0934599 0.911042 0.134212 0 0.0872656
0.0445253 0.0356 0.0899824 0.917345 0.122866 0 0.0872659
0.0356202 0.0264938 0.0877212 0.921529 0.11376 0 0.0872661
0.0284962 0.0190625 0.0860345 0.924627 0.106329 0 0.0872662
0.00622072 -0.00403245 0.082124 0.929073 0.0832336 0 0.0872661
0.00497657 -0.0052344 0.0818764 0.928903 0.0820317 0 0.0872661
-0.0120322 -0.0220715 0.080333 0.931215 0.0651934 0 0.087265
-0.00962573 -0.0188632 0.0754707 0.936689 0.0684003 0 0.0872634
-0.00770058 -0.0164236 0.0680238 0.945489 0.0708395 0 0.0872631
-0.0219712 -0.0298806 0.0672818 0.946736 0.0573654 0 0.087246
-0.0335095 -0.0402222 0.0641235 0.951299 0.0469836 0 0.0872058
-0.0268076 -0.0327224 0.0577032 0.955475 0.0544625 0 0.0871849
-0.037495 -0.0417941 0.057546 0.956166 0.0451755 0 0.0869696
-0.029996 -0.0336255 0.0540081 0.95708 0.0531687 0 0.0867942
-0.0239968 -0.0269912 0.0527273 0.956766 0.0594781 0 0.0864694
-0.0191974 -0.0210778 0.0502501 0.958688 0.0630403 0 0.0841181
-0.0153579 -0.0172239 0.0547686 0.95453 0.0676562 0 0.08488
-0.0122863 -0.0127722 0.0510911 0.959063 0.0595352 0 0.0723074
-0.00982908 -0.00980317 0.0535506 0.957789 0.0525963 0 0.0623995
-0.00786326 -0.00676452 0.0532201 0.959395 0.0066212 0 0.0133857
-0.0222907 -0.0191343 0.0583661 0.947276 -0.0654729 0 -0.0463386
-0.0178326 -0.00883713 0.0585176 0.948983 -0.0915517 0 -0.0827145
-0.014266 -0.0104777 0.0653585 0.941875 -0.0836847 0 -0.073207
-0.019425 -0.00542016 0.0668373 0.939888 -0.0925244 0 -0.0871042
-0.01554 -5.61774e-05 0.0697704 0.935606 -0.0872923 0 -0.0872361
-0.012432 -0.00463772 0.0697733 0.93434 -0.0918847 0 -0.087247
-0.00994559 -0.00275101 0.0694268 0.936056 -0.0899655 0 -0.0872145
-0.00795647 -0.000319173 0.0697354 0.936808 -0.0875726 0 -0.0872534
-0.00636518 0.0012696 0.0696599 0.937766 -0.085984 0 -0.0872536
-0.00509214 0.0029559 0.070207 0.937744 -0.0843027 0 -0.0872586
-0.00407371 0.00298405 0.0668169 0.942579 -0.0842576 0 -0.0872416
-0.00325897 0.0106293 0.0655922 0.944654 -0.0766085 0 -0.0872378
-0.0186722 -0.0103805 0.0711547 0.921611 -0.0976339 0 -0.0872534
-0.0149378 -0.00660044 0.0763432 0.917079 -0.0938609 0 -0.0872605
-0.0119502 -0.0050153 0.0696125 0.928322 -0.0922469 0 -0.0872316
-0.00956019 -0.00325275 0.0698041 0.930106 -0.0904615 0 -0.0872088
-0.00764815 -0.00200834 0.0700286 0.93167 -0.0891684 0 -0.08716
-0.00611852 -0.00176479 0.0638258 0.941172 -0.0883659 0 -0.0866011
-0.0208626 -0.0153854 0.0751918 0.920186 -0.102416 0 -0.0870305
-0.0166901 -0.0127154 0.0675677 0.932739 -0.0984707 0 -0.0857553
-0.013352 -0.0102023 0.0691408 0.932985 -0.0950367 0 -0.0848344
-0.0106816 -0.00854827 0.0675819 0.937009 -0.0887577 0 -0.0802094
-0.00854531 -0.00689762 0.0726148 0.932243 -0.0857304 0 -0.0788328
-0.00683625 -0.00680542 0.0634299 0.945625 -0.0301655 0 -0.0233601
-0.005469 -0.0054699 0.0757408 0.930988 -0.0549526 0 -0.0494827
-0.0043752 -0.00573427 0.0697346 0.940476 0.0248085 0 0.0305428
-0.00350016 -0.00553529 0.0738477 0.93604 0.0459987 0 0.051534
-0.00280013 -0.00989189 0.0656546 0.94777 0.0736909 0 0.0835828
-0.0022401 -0.00496291 0.0779786 0.930857 0.0598929 0 0.0648558
-0.00179208 -0.00475266 0.0726689 0.939199 0.0703025 0 0.0750551
-0.00143367 -0.00433413 0.0745551 0.937331 0.0657878 0 0.0701219
-0.00114693 -0.00420462 0.0703571 0.943743 0.0728422 0 0.0770468
-0.000917546 -0.00430621 0.0662881 0.949596 0.0771262 0 0.0814324
-0.000734037 -0.00427079 0.0638256 0.953109 0.0788718 0 0.0831426
-0.000587229 -0.00432428 0.0617853 0.955934 0.0798692 0 0.0841935
-0.000469783 -0.00374478 0.0562087 0.962534 0.0796474 0 0.0833922
-0.000375827 -0.00265908 0.0568806 0.962092 0.0695041 0 0.0721631
-0.000300661 -0.00414085 0.0527699 0.966881 0.0654807 0 0.0696215
-0.000240529 -0.001294 0.0527304 0.966957 0.0423025 0 0.0435965
-0.000192423 -7.53478e-05 0.055187 0.964915 -0.0321785 0 -0.0321031
-0.000153939 0.000718093 0.0547238 0.965916 -0.0551298 0 -0.0558479
-0.000123151 0.000536497 0.0527811 0.968371 -0.0258922 0 -0.0264287
-9.85207e-05 0.000144026 0.0525046 0.969055 -0.0190592 0 -0.0192033
-7.88166e-05 0.000205008 0.0525823 0.969349 -0.022105 0 -0.02231
-6.30533e-05 0.000261626 0.052669 0.969596 -0.0249377 0 -0.0251993
-5.04426e-05 -0.000250235 0.0517935 0.970785 0.0175573 0 0.0178075
-4.03541e-05 -0.000129179 0.0517245 0.971127 0.0105 0 0.0106292
-3.22833e-05 -1.76398e-05 0.0517508 0.971348 0.00263493 0 0.00265257
-2.58266e-05 6.78099e-05 0.051817 0.971504 -0.00386707 0 -0.00393488
-0.0160503 -0.0146651 0.0556937 0.958722 -0.0650472 0 -0.0503821
-0.0128403 -0.0115161 0.0551019 0.960321 -0.0644714 0 -0.0529554
-0.0262989 -0.0238147 0.0588138 0.950534 -0.0891372 0 -0.0653225
-0.0210391 -0.0180863 0.0605795 0.949861 -0.0987009 0 -0.0806146
-0.0331703 -0.0293584 0.0627773 0.942917 -0.109392 0 -0.080034
-0.0423946 -0.0366752 0.0683608 0.933841 -0.121871 0 -0.085196
-0.0419802 -0.0297542 0.0714958 0.931226 -0.116232 0 -0.0864779
-0.0495338 -0.043193 0.0714731 0.926149 -0.12846 0 -0.0852675
-0.0554537 -0.0484123 0.0745705 0.92162 -0.133892 0 -0.0854795
-0.0607005 -0.0518106 0.0816823 0.911332 -0.138796 0 -0.0869853
-0.0646862 -0.0555993 0.080805 0.912749 -0.142294 0 -0.0866948
-0.0677777 -0.0575709 0.0876598 0.902566 -0.144665 0 -0.0870945
-0.0702824 -0.0598468 0.0883995 0.901811 -0.146918 0 -0.0870711
-0.0642318 -0.0449641 0.0846709 0.909738 -0.132015 0 -0.0870513
-0.0674304 -0.0568929 0.0910467 0.895429 -0.144076 0 -0.0871826
-0.0701133 -0.0594319 0.091443 0.895363 -0.146596 0 -0.0871639
-0.0880688 -0.0724574 0.112588 0.851666 -0.159717 0 -0.0872592
-0.0864569 -0.0711499 0.111352 0.855606 -0.158409 0 -0.0872591
-0.0851005 -0.0692217 0.119071 0.841902 -0.156486 0 -0.0872645
-0.0843597 -0.0690988 0.117208 0.846819 -0.156363 0 -0.0872642
-0.0833462 -0.0672588 0.123918 0.834413 -0.154525 0 -0.0872657
-0.0828291 -0.0670132 0.122598 0.838117 -0.154279 0 -0.0872656
-0.0821985 -0.0660565 0.127358 0.829116 -0.153323 0 -0.0872661
-0.0817245 -0.0661999 0.120426 0.844333 -0.153465 0 -0.0872655
-0.0653796 -0.0533146 0.111703 0.86371 -0.140579 0 -0.0872647
-0.0523037 -0.042559 0.104485 0.879214 -0.129822 0 -0.0872626
-0.0418429 -0.0348289 0.0896248 0.906727 -0.122056 0 -0.0872273
-0.0334743 -0.027795 0.0875354 0.911683 -0.114993 0 -0.0871977
-0.0267795 -0.0228485 0.079505 0.925457 -0.109726 0 -0.0868775
-0.0214236 -0.0183612 0.0797258 0.92643 -0.104961 0 -0.0865998
-0.000885631 -0.000901456 0.0625286 0.946091 -0.060428 0 -0.0595266
0.0152568 0.0135212 0.0593018 0.945144 0.0483033 0 0.0347821
0.028132 0.0249679 0.0610086 0.939556 0.105029 0 0.0800615
0.0385815 0.034608 0.0677735 0.929137 0.11961 0 0.0850016
0.0308652 0.0259169 0.0680699 0.931068 0.112531 0 0.0866139
0.0246921 0.0194301 0.0656452 0.936434 0.106383 0 0.0869532
0.0197537 0.00845897 0.0641939 0.940341 0.0955525 0 0.0870936
0.015803 0.00989099 0.0637854 0.941514 0.0970044 0 0.0871134
0.0126424 0.00677735 0.0637972 0.943183 0.0938826 0 0.0871052
0.0101139 0.00441985 0.061011 0.947905 0.0914937 0 0.0870738
0.00809112 0.00306957 0.0589878 0.951419 0.0897827 0 0.0867132
0.00647289 -0.00199932 0.0573271 0.954378 0.0838275 0 0.0858268
0.00483848 0.000361755 0.0586219 0.952909 0.0869451 0 0.0865834
0.00387078 -0.00270788 0.0550308 0.957796 0.0810868 0 0.0837947
0.00309663 -0.000483116 0.0607937 0.951587 0.085223 0 0.0857061
0.0024773 -0.000239901 0.058584 0.955088 0.0822468 0 0.0824867
0.00198184 -0.000157945 0.0600614 0.954392 0.0786796 0 0.0788376
0.00158547 3.51013e-05 0.0618664 0.953228 0.0720096 0 0.0719745
0.00126838 0.000341901 0.0632856 0.952419 0.0574295 0 0.0570876
0.0010147 0.000714574 0.0652388 0.95085 0.0347599 0 0.0340454
0.000811762 0.00113071 0.0674851 0.948765 0.00470942 0 0.0035787
0.00064941 0.00161532 0.0696635 0.9466 -0.0284306 0 -0.0300459
0.000519528 0.00270851 0.0676872 0.949754 -0.0707705 0 -0.073479
0.000415622 0.00183449 0.073203 0.942835 -0.0441144 0 -0.0459489
0.000332498 0.00227632 0.0680896 0.950134 -0.0626307 0 -0.0649071
0.000265998 0.00208575 0.0685424 0.949919 -0.0568566 0 -0.0589423
0.000212799 0.00245846 0.0649409 0.954846 -0.0689808 0 -0.0714392
0.000170239 0.00249941 0.0641675 0.956067 -0.069519 0 -0.0720185
0.000136191 0.00279238 0.0620351 0.958873 -0.0754696 0 -0.0782619
0.000108953 0.00206773 0.0589434 0.962625 -0.0616607 0 -0.0637284
8.71623e-05 0.0057615 0.0542759 0.96794 -0.0593906 0 -0.0651521
-0.0162373 -0.0154807 0.0603624 0.946903 0.023132 0 0.0386128
-0.0129899 -0.0124542 0.053962 0.955437 0.022169 0 0.0346231
-0.0103919 -0.0101863 0.0549208 0.955883 0.0387746 0 0.0489609
-0.00831352 -0.00917532 0.0545763 0.957572 0.0662765 0 0.0754518
-0.0227106 -0.0215536 0.0529933 0.954714 0.00385666 0 0.0254102
-0.0181685 -0.0175019 0.0529891 0.956082 0.0266922 0 0.0441941
-0.0145348 -0.0142711 0.0537712 0.956601 0.0430096 0 0.0572806
-0.0116278 -0.0108951 0.0510544 0.960589 0.0183163 0 0.0292114
-0.00930228 -0.00865493 0.0508118 0.9621 0.0223392 0 0.0309942
-0.00744182 -0.00715611 0.0518383 0.962271 0.0416833 0 0.0488394
-0.00595346 -0.00598925 0.0532418 0.96192 0.0552783 0 0.0612675
-0.00476277 -0.00426482 0.0501355 0.965979 0.0318956 0 0.0361604
-0.00381021 -0.00256678 0.0518883 0.965164 -0.00417644 0 -0.00160965
-0.00304817 -0.0014291 0.0554628 0.962283 -0.0204371 0 -0.019008
-0.00243854 0.00266572 0.0524073 0.966172 -0.064519 0 -0.0671847
-0.00195083 0.000267281 0.052875 0.965618 -0.0504056 0 -0.0506729
-0.00156066 -0.000208091 0.0561042 0.962789 -0.00181684 0 -0.00160875
-0.00124853 0.00104756 0.0521485 0.967513 -0.0558699 0 -0.0569174
-0.000998824 0.00144395 0.0518466 0.968233 -0.0614989 0 -0.0629429
-0.000799059 0.00238858 0.0524451 0.967971 -0.0778211 0 -0.0802097
-0.000639248 0.00197053 0.0517007 0.968888 -0.0650661 0 -0.0670366
-0.000511398 0.00266987 0.0526243 0.968204 -0.0784766 0 -0.0811465
-0.000409118 0.00218075 0.0516453 0.969309 -0.0664399 0 -0.0686206
-0.000327295 0.00221015 0.0506929 0.970462 -0.0691748 0 -0.071385
-0.000261836 0.000845892 0.0476523 0.973555 0.000163163 0 -0.000682729
-0.000209469 0.000724151 0.0478351 0.973736 -0.00597914 0 -0.00670329
-0.000167575 -0.000649357 0.0453205 0.976351 0.06635 0 0.0669993
-0.00013406 -0.000552212 0.0453522 0.976642 0.0641419 0 0.0646941
-0.000107248 -0.000497634 0.0454684 0.976829 0.0610829 0 0.0615805
-8.57984e-05 -0.000412825 0.0454741 0.977087 0.0607875 0 0.0612003
-6.86387e-05 -0.00107075 0.0451737 0.977592 0.0658805 0 0.0669512
-5.4911e-05 -0.000771116 0.0451045 0.977825 0.071721 0 0.0724921
-4.39288e-05 -0.000654835 0.0450154 0.978082 0.0695944 0 0.0702492
-3.5143e-05 0.00089184 0.0460974 0.977285 0.0351727 0 0.0342809
-2.81144e-05 0.00112183 0.0472706 0.976345 -0.00102177 0 -0.0021436
-2.24915e-05 0.00198974 0.0471094 0.976592 0.0115515 0 0.00956181
-1.79932e-05 0.000753256 0.0471749 0.9765 0.0276292 0 0.0268759
-1.43946e-05 0.000882593 0.0469892 0.976794 0.0208163 0 0.0199337
-1.15157e-05 0.0040084 0.0487922 0.97521 -0.0425901 0 -0.0465985
-9.21253e-06 0.00183265 0.04865 0.974812 -0.0360062 0 -0.0378389
-7.37002e-06 0.00885895 0.0491334 0.974391 -0.0488699 0 -0.0577288
-5.89602e-06 0.00253879 0.0500477 0.97056 -0.066292 0 -0.0688308
-4.71682e-06 0.00463956 0.0494897 0.971318 -0.0582803 0 -0.0629199
-3.77345e-06 0.00178609 0.0486639 0.971699 -0.0325667 0 -0.0343527
-3.01876e-06 0.00250098 0.0499551 0.97082 -0.0655153 0 -0.0680163
-2.41501e-06 0.00242897 0.0498001 0.971179 -0.0640431 0 -0.0664721
-1.93201e-06 0.0015037 0.0488512 0.972289 -0.0111168 0 -0.0126205
-1.54561e-06 0.0022449 0.0491982 0.972279 -0.05672 0 -0.0589649
-1.23648e-06 0.00174186 0.0483823 0.973231 -0.0393249 0 -0.0410668
-9.89188e-07 0.00134464 0.0473679 0.974413 -0.0170051 0 -0.0183497
-7.9135e-07 0.00178718 0.0461245 0.975808 0.0288697 0 0.0270825
-6.3308e-07 0.00119549 0.0456568 0.976394 0.0420885 0 0.040893
-5.06464e-07 -0.000457 0.0466112 0.975765 0.0718873 0 0.0723443
-4.05171e-07 0.000320696 0.0454174 0.977103 0.0463769 0 0.0460562
-3.24137e-07 -0.000208752 0.0456583 0.977132 0.0663459 0 0.0665546
-2.5931e-07 -0.000625391 0.0470382 0.976104 0.0755694 0 0.0761948
-2.07448e-07 0.000173035 0.0450706 0.978059 0.0544633 0 0.0542903
-1.65958e-07 -0.000330368 0.0456543 0.977723 0.0703911 0 0.0707215
-1.32767e-07 0.0040214 0.0461455 0.977442 0.0237949 0 0.0197735
-1.06213e-07 0.00710495 0.0477049 0.975422 -0.0171327 0 -0.0242377
-8.49706e-08 0.00338965 0.047608 0.973575 -0.0143102 0 -0.0176998
-6.79765e-08 0.0070872 0.0474771 0.973603 -0.0148156 0 -0.0219028
-5.57804e-08 0.0014189 0.0476439 0.971706 0.00788993 0 0.00647103
-4.46243e-08 0.00152306 0.047422 0.972409 2.87917e-05 0 -0.00149427
-3.56995e-08 0.00194417 0.0474518 0.972816 -0.0289577 0 -0.0309018
-2.85596e-08 0.00194411 0.0474708 0.973127 -0.0306816 0 -0.0326257
-0.00268846 0.0145722 0.049644 0.970608 -0.0515962 0 -0.0661684
