0 -0.296747 0.203253 0 0 0 0.0872634 2
2078540 -0.29354 0.20646 0.00154297 0.0160414 0 0.0872663 3
24444 -0.290974 0.209026 0.104962 0.0160414 0 0.0872624 4
34171 -0.288922 0.211078 0.0600669 0.0160414 0 0.0872656 5
37567 -0.28728 0.21272 0.0437099 0.0160414 0 0.0872659 6
34331 -0.285966 0.214034 0.0382636 0.0160414 0 0.087266 7
33621 -0.284899 0.215101 0.0317423 0.0160414 0 0.0872661 8
33351 -0.28407 0.21593 0.0248692 0.0133682 0 0.0872659 9
33385 -0.283404 0.216596 0.0199502 0.0106948 0 0.0872657 10
33595 -0.282871 0.217129 0.0158606 0.00802122 0 0.0872653 11
34382 -0.281909 0.218091 0.0279729 0.00534754 0 0.0872634 12
33580 -0.281139 0.218861 0.0229268 0.00267379 0 0.0872617 13
33939 -0.280513 0.219487 0.0184369 0 0 0.087259 14
33433 -0.280023 0.219977 0.0146788 -0.00267379 0 0.0872546 15
32797 -0.27963 0.22037 0.0119565 -0.00534754 0 0.0872467 16
33744 -0.27932 0.22068 0.00919797 -0.00802122 0 0.0872338 17
33447 -0.279076 0.220924 0.00731002 -0.0106948 0 0.0872107 18
33494 -0.278756 0.221244 0.00952733 -0.0133682 0 0.0871536 19
101047 -0.277554 0.222446 0.0118986 -0.0187144 0 0.0867256 22
33225 -0.276074 0.223926 0.0445559 -0.0213871 0 0.0817237 23
33698 -0.27434 0.22566 0.0514541 -0.0240595 0 0.067486 24
67080 -0.271752 0.228248 0.0385777 -0.0294033 0 0.0374588 26
33896 -0.268077 0.231923 0.108437 -0.0320746 0 -0.0860044 27
28678 -0.265013 0.234987 0.106833 -0.0347454 0 -0.086858 28
37528 -0.262153 0.237847 0.0761922 -0.0374157 0 -0.0863196 29
33443 -0.25825 0.24175 0.116727 -0.0347454 0 -0.0871171 30
33533 -0.254198 0.245802 0.120839 -0.0320746 0 -0.0870021 31
33468 -0.249735 0.250265 0.133339 -0.0294033 0 -0.0870018 32
33557 -0.245243 0.254757 0.13386 -0.0267316 0 -0.0866712 33
33590 -0.240431 0.259569 0.143271 -0.0213871 0 -0.0851622 34
33840 -0.235508 0.264492 0.145466 -0.0187144 0 -0.0832181 35
33586 -0.23011 0.26989 0.160731 -0.0133682 0 -0.0788768 36
33646 -0.224715 0.275285 0.160324 -0.00802122 0 -0.0464154 37
32875 -0.219711 0.280289 0.152226 -0.00267379 0 0.0400373 38
33599 -0.214112 0.285888 0.166629 0.00534754 0 0.0745346 39
33603 -0.209103 0.290897 0.149079 0.0106948 0 0.0863452 40
33382 -0.204014 0.295986 0.152456 0.0133682 0 0.0867047 41
33565 -0.198871 0.301129 0.153212 0.0160414 0 0.0869761 42
33488 -0.19316 0.30684 0.170553 0.0187144 0 0.0868295 43
33583 -0.188049 0.311951 0.152173 0.0213871 0 0.087195 44
33500 -0.182884 0.317116 0.15418 0.0240595 0 0.0872238 45
33816 -0.177666 0.322334 0.154317 0.0240595 0 0.0872178 46
33849 -0.172434 0.327566 0.154562 0.0240595 0 0.0872105 47
66169 -0.16611 0.33389 0.0955698 0.0240595 0 0.0872629 49
67064 -0.160316 0.339684 0.0863931 0.0240595 0 0.0872637 51
33619 -0.155002 0.344998 0.158078 0.0213871 0 0.0869921 52
33506 -0.149476 0.350524 0.16492 0.0187144 0 0.0860288 53
33491 -0.144513 0.355487 0.148194 0.0160414 0 0.0859829 54
33539 -0.139472 0.360528 0.150316 0.0133682 0 0.0828171 55
33839 -0.135436 0.364564 0.119251 0.0106948 0 0.0853923 56
33021 -0.131137 0.368863 0.130182 0.00802122 0 0.075637 57
33638 -0.126296 0.373704 0.14394 0.00267379 0 -0.0286295 58
33522 -0.122204 0.377796 0.122051 0 0 -0.021801 59
67003 -0.11733 0.38267 0.0727482 -0.00267379 0 0.0549563 61
33714 -0.112356 0.387644 0.147537 -0.00267379 0 -0.0837818 62
33521 -0.107312 0.392688 0.150463 0 0 -0.080891 63
33514 -0.102739 0.397261 0.136447 0.00267379 0 -0.0545814 64
33974 -0.0974756 0.402524 0.15493 0.00534754 0 -0.0649836 65
32972 -0.0927318 0.407268 0.143875 0.00802122 0 -0.0142233 66
33420 -0.088408 0.411592 0.129378 0.0106948 0 0.0559993 67
67353 -0.0828098 0.41719 0.0831176 0.0133682 0 0.0864497 69
33540 -0.0772511 0.422749 0.165732 0.0160414 0 0.0262673 70
31235 -0.0722763 0.427724 0.159271 0.0187144 0 0.0643023 71
35688 -0.0672165 0.432783 0.141778 0.0187144 0 0.0772927 72
66869 -0.0618477 0.438152 0.0802883 0.0187144 0 0.0869997 74
33627 -0.0570202 0.44298 0.143561 0.0213871 0 0.0805318 75
33420 -0.0526156 0.447384 0.131794 0.0187144 0 0.0760741 76
33377 -0.048017 0.451983 0.137779 0.0187144 0 0.0667931 77
67177 -0.0435144 0.456486 0.0670254 0.0160414 0 0.0864513 79
34080 -0.0393747 0.460625 0.121472 0.0133682 0 0.0196572 80
32997 -0.0349891 0.465011 0.13291 0.0106948 0 -0.0594696 81
33471 -0.0309435 0.469057 0.120869 0.00802122 0 -0.0692694 82
33314 -0.0271708 0.472829 0.113246 0.00802122 0 -0.0635571 83
33550 -0.0236165 0.476384 0.105941 0.00802122 0 -0.0566346 84
33607 -0.0205103 0.47949 0.0924265 0.00804272 0 -0.0326397 85
33613 -0.01722 0.48278 0.0978876 0.00804272 0 -0.0510678 86
33670 -0.0143251 0.485675 0.085978 0.0107234 0 0.0178665 87
33653 -0.0111967 0.488803 0.0929599 0.0107234 0 -0.0101681 88
33414 -0.00816515 0.491835 0.0907279 0.0107234 0 -0.0107968 89
33502 -0.00493702 0.495063 0.0963563 0.013404 0 0.0125942 90
33654 -0.00209072 0.497909 0.0845754 0.013404 0 0.0381916 91
33121 0.000729382 0.500729 0.0851455 0.013404 0 0.0310527 92
33800 0.00351518 0.503515 0.0824202 0.0160844 0 0.0641327 93
33285 0.0057438 0.505744 0.0669556 0.0160844 0 0.0773768 94
33592 0.00806534 0.508065 0.0691099 0.0187646 0 0.0827966 95
33599 0.00966048 0.50966 0.0474758 0.018815 0 0.0859864 96
33432 0.0114804 0.51148 0.0544361 0.018815 0 0.0851815 97
34097 0.0134668 0.513467 0.0582586 0.0215021 0 0.0861979 98
32820 0.0155991 0.515599 0.0649694 0.018815 0 0.0822836 99
33634 0.0170289 0.517029 0.0425104 0.0160844 0 0.0835224 100
33523 0.0181748 0.518175 0.0341807 0.013404 0 0.0806802 101
33554 0.0196303 0.51963 0.0433774 0.0107234 0 0.0542137 102
100562 0.0213352 0.521335 0.016954 0.00804272 0 0.0675411 105
33405 0.0232398 0.52324 0.0570156 0.00536188 0 -0.0641707 106
33627 0.024759 0.524759 0.0451781 0.00268096 0 -0.0707379 107
67372 0.026515 0.526515 0.0260644 0 0 -0.0690657 109
33298 0.0279154 0.527915 0.0420551 0 0 -0.0811777 110
33180 0.0295718 0.529572 0.0499238 0 0 -0.0839663 111
33580 0.0308945 0.530895 0.0393891 0 0 -0.0810716 112
33632 0.0324902 0.53249 0.0474452 0 0 -0.0839388 113
33480 0.0340518 0.534052 0.0466422 0 0 -0.0840392 114
67006 0.0355437 0.535544 0.0222661 0.00268096 0 -0.0494954 116
33541 0.0367322 0.536732 0.035433 0.00536188 0 -0.0452854 117
33554 0.0382191 0.538219 0.0443136 0.00804272 0 -0.0307567 118
33361 0.0394093 0.539409 0.0356777 0.0107234 0 0.0364518 119
33527 0.0403708 0.540371 0.0286761 0.0107234 0 0.0503313 120
100751 0.0416667 0.541667 0.0128626 0.0107234 0 0.0711862 123
33451 0.0427027 0.542703 0.0309721 0.0107234 0 0.0413417 124
33353 0.0435323 0.543532 0.0248709 0.0107234 0 0.0527651 125
33641 0.0441952 0.544195 0.0197058 0.0107234 0 0.0606969 126
66928 0.0447306 0.544731 0.00800007 0.0107234 0 0.0727508 128
33988 0.0451593 0.545159 0.0126143 0.0107234 0 0.068634 129
33181 0.0449662 0.544966 -0.00582017 0.0107234 0 0.0800016 130
33350 0.0448139 0.544814 -0.00456641 0.0107234 0 0.0795696 131
33580 0.0446948 0.544695 -0.00354646 0.00804272 0 0.0672979 132
33506 0.0446028 0.544603 -0.00274666 0.00536188 0 0.0411056 133
33533 0.0445303 0.54453 -0.00216143 0.00268096 0 -0.00493412 134
34183 0.0444767 0.544477 -0.00156758 0 0 -0.0484833 135
33531 0.0438977 0.543898 -0.0172694 0 0 -0.006626 136
62112 0.0434304 0.54343 -0.00752255 0 0 -0.0327197 138
33453 0.0425201 0.54252 -0.0272126 0 0 0.0211004 139
37643 0.042328 0.542328 -0.00510336 0 0 -0.0365599 140
33573 0.0421743 0.542174 -0.00457692 0 0 -0.0375433 141
67668 0.0415156 0.541516 -0.00973504 0 0 -0.0226647 143
33642 0.0409882 0.540988 -0.0156763 0 0 -0.00423873 144
66870 0.0405638 0.540564 -0.00634642 0 0 -0.0297659 146
32712 0.0402243 0.540224 -0.0103787 0 0 -0.0179134 147
33811 0.039954 0.539954 -0.00799465 0 0 -0.0239945 148
33453 0.0392016 0.539202 -0.0224909 0 0 0.0172808 149
33566 0.0391359 0.539136 -0.00195865 0 0 -0.0379473 150
33479 0.03908 0.53908 -0.0016682 0 0 -0.0385383 151
33584 0.0390353 0.539035 -0.00133109 0 0 -0.0392574 152
33342 0.0389996 0.539 -0.0010726 0 0 -0.0398015 153
33631 0.0384361 0.538436 -0.0167537 0 0 0.00457335 154
67623 0.0379813 0.537981 -0.00672528 0 0 -0.0231038 156
100094 0.0376188 0.537619 -0.00362175 0.00268096 0 0.0158589 159
33289 0.0373254 0.537325 -0.00881473 0.00268096 0 0.0304215 160
33820 0.0365545 0.536554 -0.022795 0.00268096 0 0.0561697 161
33190 0.0359377 0.535938 -0.0185818 0.00268096 0 0.0507935 162
33429 0.0354444 0.535444 -0.0147581 0.00268096 0 0.0452439 163
33748 0.0350544 0.535054 -0.0115543 0.00268096 0 0.0401296 164
33335 0.0342096 0.53421 -0.0253438 0.00268096 0 0.0621314 165
33632 0.0335324 0.533532 -0.0201364 0.00268096 0 0.0562988 166
33429 0.0329931 0.532993 -0.0161328 0.00268096 0 0.0511554 167
33480 0.0325661 0.532566 -0.0127541 0.00268096 0 0.0463005 168
33711 0.0319682 0.531968 -0.0177359 0.00268096 0 0.0549299 169
33913 0.0312096 0.53121 -0.0223669 0 0 0.0327304 170
30442 0.0308924 0.530892 -0.0104203 -0.00268096 0 -0.0403696 171
33507 0.0301011 0.530101 -0.0236163 -0.00268096 0 -0.00369709 172
102765 0.0297217 0.529722 -0.00369234 -0.00268096 0 -0.0526397 175
33538 0.028882 0.528882 -0.0250376 -0.00268096 0 0.00266565 176
33392 0.0282102 0.52821 -0.0201169 -0.00268096 0 -0.00879987 177
33200 0.0276728 0.527673 -0.0161866 -0.00268096 0 -0.0184708 178
33992 0.0272429 0.527243 -0.0126479 -0.00268096 0 -0.0273199 179
34100 0.026899 0.526899 -0.0100856 -0.00268096 0 -0.033305 180
33074 0.0266238 0.526624 -0.00831877 -0.00268096 0 -0.0371582 181
33500 0.0263984 0.526398 -0.00673088 -0.00268096 0 -0.0405181 182
33507 0.0267541 0.526754 0.0106181 -0.00268096 0 -0.0700196 183
33845 0.0270388 0.527039 0.00840928 -0.00268096 0 -0.067801 184
33407 0.027262 0.527262 0.0066836 -0.00268096 0 -0.0658987 185
33386 0.0274381 0.527438 0.00527383 -0.00268096 0 -0.0642208 186
33613 0.0275785 0.527578 0.00417603 -0.00268096 0 -0.0628418 187
33668 0.0276894 0.527689 0.00329465 -0.00268096 0 -0.061683 188
33278 0.0283116 0.528312 0.0186974 0 0 -0.0613446 189
33662 0.0288073 0.528807 0.0147267 0.00268096 0 -0.0172366 190
33964 0.0292038 0.529204 0.0116721 0.00536188 0 0.0364054 191
33080 0.029516 0.529516 0.009438 0.00804272 0 0.0680864 192
34039 0.0297668 0.529767 0.0073685 0.0107234 0 0.0802437 193
32857 0.0299674 0.529967 0.00610613 0.0107234 0 0.0806272 194
33504 0.0301279 0.530128 0.00479093 0.0107234 0 0.0810198 195
33474 0.029726 0.529726 -0.0120068 0.0107234 0 0.0846806 196
33858 0.0294026 0.529403 -0.00955209 0.0107234 0 0.0843793 197
33307 0.029144 0.529144 -0.00776487 0.0107234 0 0.0841418 198
33482 0.0289405 0.52894 -0.0060776 0.0107234 0 0.0838937 199
34201 0.0285227 0.528523 -0.0122169 0.0107523 0 0.0848709 200
33311 0.0284448 0.528445 -0.00233867 0.00806434 0 0.0771671 201
33046 0.0275944 0.527594 -0.0257332 0.00537629 0 0.079852 202
33401 0.0271704 0.52717 -0.0126951 0.00268817 0 0.054032 203
33828 0.0262994 0.526299 -0.0257462 0 0 0.0472867 204
33332 0.0253458 0.525346 -0.0286096 -0.00268817 0 0.0185815 205
33464 0.0245887 0.524589 -0.0226243 -0.00537629 0 -0.037813 206
33366 0.0239811 0.523981 -0.0182104 -0.00806434 0 -0.0713754 207
33558 0.0235021 0.523502 -0.0142733 -0.0107523 0 -0.0828379 208
33703 0.0231155 0.523116 -0.0114707 -0.0134401 0 -0.0860059 209
34084 0.0228097 0.52281 -0.00897287 -0.0161276 0 -0.0869065 210
33095 0.0225746 0.522575 -0.00710321 -0.018815 0 -0.08716 211
33463 0.0223801 0.52238 -0.00581209 -0.0215021 0 -0.0872338 212
33408 0.0222353 0.522235 -0.00433368 -0.0241888 0 -0.0872566 213
33582 0.0226487 0.522649 0.0123089 -0.0268752 0 -0.0872654 214
67026 0.0229913 0.522991 0.00511156 -0.0295613 0 -0.0872659 216
33476 0.0238058 0.523806 0.0243308 -0.0322469 0 -0.0872664 217
33664 0.0249941 0.524994 0.0352982 -0.0322469 0 -0.0872664 218
33399 0.0259595 0.525959 0.0289055 -0.034932 0 -0.0872665 219
33538 0.0278049 0.527805 0.055023 -0.034932 0 -0.0872665 220
33327 0.0298139 0.529814 0.0602825 -0.034932 0 -0.0872665 221
33560 0.0319539 0.531954 0.0637677 -0.0322469 0 -0.0872665 222
33484 0.0339076 0.533908 0.0583461 -0.0294821 0 -0.0872665 223
33806 0.0362796 0.53628 0.0701658 -0.0268752 0 -0.0872665 224
33263 0.0384218 0.538422 0.0644016 -0.024124 0 -0.0872664 225
33427 0.041198 0.541198 0.0830528 -0.0214444 0 -0.0872664 226
33351 0.0439468 0.543947 0.0824199 -0.013404 0 -0.0872658 227
33610 0.0466775 0.546678 0.0812475 -0.00536188 0 -0.0872495 228
33833 0.0496992 0.549699 0.089311 0.00268817 0 -0.0870396 229
33532 0.0526397 0.55264 0.0876934 0.0107523 0 -0.0815267 230
33410 0.056066 0.556066 0.102554 0.018815 0 -0.0490336 231
33575 0.0588006 0.558801 0.0814475 0.0268752 0 0.0812539 232
33500 0.0615439 0.561544 0.0818879 0.0322469 0 0.0864193 233
33251 0.0640027 0.564003 0.073947 0.037718 0 0.087185 234
33566 0.0665626 0.566563 0.0762647 0.0431 0 0.087251 235
67366 0.0690929 0.569093 0.037561 0.0457901 0 0.0872652 237
33318 0.071681 0.571681 0.0776767 0.0484795 0 0.0872631 238
33489 0.0737619 0.573762 0.0621373 0.0511682 0 0.0872656 239
33597 0.0754334 0.575433 0.0497513 0.0511682 0 0.0872659 240
33367 0.0767765 0.576777 0.0402533 0.0511682 0 0.0872661 241
33389 0.077821 0.577821 0.0312813 0.0511682 0 0.0872662 242
33924 0.0783525 0.578352 0.0156672 0.0483494 0 0.0872661 243
33452 0.0787898 0.57879 0.013073 0.0483494 0 0.0872661 244
33512 0.0791453 0.579145 0.0106076 0.0429843 0 0.087265 245
33538 0.0794256 0.579426 0.0083583 0.0403007 0 0.0872634 246
33333 0.0791101 0.57911 -0.00946472 0.0376167 0 0.0872631 247
33969 0.078864 0.578864 -0.00724506 0.0322469 0 0.087246 248
33720 0.078135 0.578135 -0.0216182 0.0268752 0 0.0872058 249
33324 0.077015 0.577015 -0.0336085 0.0241888 0 0.0871849 250
33488 0.0755881 0.575588 -0.0426103 0.018815 0 0.0869696 251
33364 0.0739122 0.573912 -0.0502309 0.0161276 0 0.0867942 252
33293 0.0720381 0.572038 -0.0562908 0.0134401 0 0.0864694 253
33387 0.0705384 0.570538 -0.0449191 0.0107523 0 0.0841181 254
33802 0.0682687 0.568269 -0.0671465 0.00806434 0 0.08488 255
33285 0.0666872 0.566687 -0.0475136 0.00537629 0 0.0723074 256
33574 0.0648921 0.564892 -0.0534674 0.00268817 0 0.0623995 257
33301 0.063464 0.563464 -0.0428836 0 0 0.0133857 258
33601 0.061776 0.561776 -0.0502367 -0.00537629 0 -0.0463386 259
66977 0.0599082 0.559908 -0.0278876 -0.00806434 0 -0.0827145 261
33585 0.0578707 0.557871 -0.0606677 -0.0107523 0 -0.073207 262
67085 0.0562429 0.556243 -0.0242648 -0.0161276 0 -0.0871042 264
66907 0.0552338 0.555234 -0.0150822 -0.018815 0 -0.0872361 266
33486 0.0549543 0.554954 -0.00834636 -0.018815 0 -0.087247 267
34115 0.0542002 0.5542 -0.0221052 -0.018815 0 -0.0872145 268
32988 0.0541402 0.55414 -0.00181951 -0.018815 0 -0.0872534 269
33366 0.0540861 0.554086 -0.00161847 -0.018815 0 -0.0872536 270
34207 0.0542737 0.554274 0.00548355 -0.018815 0 -0.0872586 271
33173 0.0544289 0.554429 0.00467882 -0.0161276 0 -0.0872416 272
67087 0.0556216 0.555622 0.0177774 -0.0134401 0 -0.0872378 274
33460 0.0565757 0.556576 0.0285144 -0.0134401 0 -0.0872534 275
33474 0.058405 0.558405 0.0546509 -0.0107523 0 -0.0872605 276
33385 0.0598685 0.559869 0.0438362 -0.00806434 0 -0.0872316 277
33342 0.0615775 0.561577 0.0512562 -0.00537629 0 -0.0872088 278
33343 0.0634757 0.563476 0.0569304 -0.00268817 0 -0.08716 279
33751 0.0649948 0.564995 0.0450068 0 0 -0.0866011 280
33670 0.0669687 0.566969 0.0586257 0 0 -0.0870305 281
34181 0.068549 0.568549 0.046235 0.00268817 0 -0.0857553 282
33307 0.0703448 0.570345 0.0539157 0.00537629 0 -0.0848344 283
33086 0.0720881 0.572088 0.0526905 0.00806434 0 -0.0802094 284
33456 0.0742425 0.574243 0.0643953 0.0107523 0 -0.0788328 285
34181 0.0757385 0.575739 0.0437675 0.0134401 0 -0.0233601 286
32963 0.0780097 0.57801 0.0689007 0.0161276 0 -0.0494827 287
33519 0.0798225 0.579822 0.0540814 0.018815 0 0.0305428 288
33467 0.081813 0.581813 0.0594782 0.0215021 0 0.051534 289
66976 0.0842389 0.584239 0.0362197 0.0241888 0 0.0835828 291
33801 0.0863946 0.586395 0.0637768 0.0241888 0 0.0648558 292
33078 0.0881324 0.588132 0.0525374 0.0241888 0 0.0750551 293
34086 0.090055 0.590055 0.0564046 0.0241888 0 0.0701219 294
33011 0.0916021 0.591602 0.0468661 0.0241888 0 0.0770468 295
33639 0.0928372 0.592837 0.0367154 0.0241888 0 0.0814324 296
33346 0.0938326 0.593833 0.0298488 0.0241888 0 0.0831426 297
33688 0.0946268 0.594627 0.0235779 0.0241888 0 0.0841935 298
33183 0.0949423 0.594942 0.0095057 0.0215021 0 0.0833922 299
33805 0.0955189 0.595519 0.0170589 0.018815 0 0.0721631 300
67496 0.0956609 0.595661 0.00210262 0.0161276 0 0.0696215 302
33579 0.0957762 0.595776 0.00343474 0.0134401 0 0.0435965 303
28764 0.0961893 0.596189 0.0143624 0.0107523 0 -0.0321031 304
37731 0.096522 0.596522 0.00881645 0.00806434 0 -0.0558479 305
67062 0.0962532 0.596253 -0.0040076 0.00806434 0 -0.0264287 307
33395 0.0960382 0.596038 -0.00643791 0.00806434 0 -0.0192033 308
33612 0.0958637 0.595864 -0.00519226 0.00806434 0 -0.02231 309
33978 0.0957266 0.595727 -0.00403469 0.00806434 0 -0.0251993 310
33573 0.0950844 0.595084 -0.0191297 0.00806434 0 0.0178075 311
33176 0.0945657 0.594566 -0.0156324 0.00806434 0 0.0106292 312
33485 0.094152 0.594152 -0.0123553 0.00806434 0 0.00265257 313
33510 0.093821 0.593821 -0.00987719 0.00806434 0 -0.00393488 314
33539 0.0935567 0.593557 -0.00788177 0.00537629 0 -0.0503821 315
33331 0.093344 0.593344 -0.00638053 0.00537629 0 -0.0529554 316
33546 0.0928615 0.592861 -0.014385 0.00268817 0 -0.0653225 317
34064 0.0930101 0.59301 0.00436396 0.00268817 0 -0.0806146 318
32905 0.0925907 0.592591 -0.0127469 0 0 -0.080034 319
33902 0.0922552 0.592255 -0.0098966 -0.00268817 0 -0.085196 320
66666 0.0925298 0.59253 0.00411991 -0.00268817 0 -0.0864779 322
33708 0.0922149 0.592215 -0.00934351 -0.00268817 0 -0.0852675 323
33970 0.0919608 0.591961 -0.00747997 -0.00268817 0 -0.0854795 324
32907 0.0920744 0.592074 0.00345235 -0.00537629 0 -0.0869853 325
33339 0.0918484 0.591848 -0.00677768 -0.00537629 0 -0.0866948 326
33541 0.0922024 0.592202 0.0105522 -0.00537629 0 -0.0870945 327
33475 0.0924855 0.592485 0.00845772 -0.00537629 0 -0.0870711 328
67153 0.0929341 0.592934 0.00668004 -0.00537629 0 -0.0870513 330
33507 0.0936025 0.593603 0.01995 -0.00537629 0 -0.0871826 331
33250 0.0941527 0.594153 0.0165459 -0.00537629 0 -0.0871639 332
33623 0.095433 0.595433 0.0380783 -0.00806434 0 -0.0872592 333
33596 0.0966755 0.596676 0.0369841 -0.00806434 0 -0.0872591 334
33737 0.0985281 0.598528 0.0549139 -0.00806434 0 -0.0872645 335
32935 0.100217 0.600217 0.0512652 -0.00804272 0 -0.0872642 336
33809 0.102432 0.602432 0.0655247 -0.00804272 0 -0.0872657 337
33552 0.104533 0.604533 0.0626158 -0.00806434 0 -0.0872656 338
33646 0.106954 0.606954 0.0719468 -0.00804272 0 -0.0872661 339
33582 0.108891 0.608891 0.0577073 -0.00804272 0 -0.0872655 340
33195 0.110974 0.610974 0.0627505 -0.00536188 0 -0.0872647 341
33694 0.113173 0.613173 0.0652654 -0.00268096 0 -0.0872626 342
33545 0.114729 0.614729 0.0463848 0 0 -0.0872273 343
33653 0.116508 0.616508 0.052853 0.00268096 0 -0.0871977 344
33407 0.117926 0.617926 0.0424425 0.00536188 0 -0.0868775 345
33985 0.119602 0.619602 0.0493095 0.00804272 0 -0.0865998 346
32984 0.120389 0.620389 0.0238805 0.013404 0 -0.0595266 347
33573 0.121023 0.621023 0.0188811 0.0187646 0 0.0347821 348
33647 0.121523 0.621523 0.0148396 0.024124 0 0.0800615 349
33325 0.122465 0.622465 0.028265 0.0294821 0 0.0850016 350
34110 0.123232 0.623232 0.0225016 0.0321605 0 0.0866139 351
33265 0.123504 0.623504 0.00818321 0.0321605 0 0.0869532 352
66341 0.123178 0.623178 -0.00492625 0.0321605 0 0.0870936 354
33819 0.122926 0.622926 -0.00742877 0.0321605 0 0.0871134 355
33244 0.122725 0.622725 -0.00604581 0.0321605 0 0.0871052 356
33632 0.122016 0.622016 -0.0210899 0.0294821 0 0.0870738 357
34039 0.121458 0.621458 -0.0163953 0.0268032 0 0.0867132 358
66973 0.120481 0.620481 -0.0145868 0.024124 0 0.0858268 360
33644 0.118834 0.618834 -0.0489607 0.0213871 0 0.0865834 361
66446 0.116778 0.616778 -0.0309434 0.0187646 0 0.0837947 363
33501 0.1146 0.6146 -0.0650169 0.0160844 0 0.0857061 364
33846 0.112645 0.612645 -0.0577591 0.013404 0 0.0824867 365
33537 0.110543 0.610543 -0.0626633 0.0107234 0 0.0788376 366
33072 0.108328 0.608328 -0.0669741 0.00804272 0 0.0719745 367
33614 0.106022 0.606022 -0.0686143 0.00536188 0 0.0570876 368
33554 0.103644 0.603644 -0.0708687 0.00268096 0 0.0340454 369
33484 0.101198 0.601198 -0.0730497 0 0 0.0035787 370
33482 0.098716 0.598716 -0.074124 -0.00268096 0 -0.0300459 371
33586 0.0967276 0.596728 -0.0592036 -0.00536188 0 -0.073479 372
33475 0.0940619 0.594062 -0.0796343 -0.00536188 0 -0.0459489 373
33402 0.0919235 0.591924 -0.0640176 -0.00536188 0 -0.0649071 374
33583 0.0896753 0.589675 -0.0669454 -0.00536188 0 -0.0589423 375
33328 0.0878726 0.587873 -0.0540909 -0.00536188 0 -0.0714392 376
33735 0.0861203 0.58612 -0.0519418 -0.00536188 0 -0.0720185 377
33452 0.0847148 0.584715 -0.0420165 -0.00536188 0 -0.0782619 378
33398 0.0833645 0.583364 -0.0404301 -0.00268096 0 -0.0637284 379
101408 0.0812061 0.581206 -0.0212844 0 0 -0.0651521 382
32881 0.078943 0.578943 -0.0688279 0 0 0.0386128 383
33454 0.0773631 0.577363 -0.0472255 0.00268096 0 0.0346231 384
33613 0.0755643 0.575564 -0.0535153 0.00268096 0 0.0489609 385
33742 0.0735865 0.573587 -0.0586136 0.00536188 0 0.0754518 386
33387 0.0723113 0.572311 -0.038194 0.00268096 0 0.0254102 387
33638 0.0707536 0.570754 -0.0463098 0.00268096 0 0.0441941 388
33509 0.0689732 0.568973 -0.0531317 0.00268096 0 0.0572806 389
33282 0.06778 0.56778 -0.035852 0.00268096 0 0.0292114 390
33314 0.0665931 0.566593 -0.0356279 0.00268096 0 0.0309942 391
33758 0.0651104 0.56511 -0.0439204 0.00268096 0 0.0488394 392
33494 0.0633958 0.563396 -0.0511909 0.00268096 0 0.0612675 393
33379 0.0622528 0.562253 -0.0342442 0.00268096 0 0.0361604 394
33638 0.0610978 0.561098 -0.034335 0 0 -0.00160965 395
33376 0.0596418 0.559642 -0.0436248 -0.00268096 0 -0.019008 396
67005 0.0584714 0.558471 -0.0174664 -0.00268096 0 -0.0671847 398
34380 0.057538 0.557538 -0.0271515 -0.00268096 0 -0.0506729 399
33073 0.0559582 0.555958 -0.0477677 -0.00268096 0 -0.00160875 400
33437 0.0552259 0.555226 -0.0218992 -0.00268096 0 -0.0569174 401
33467 0.0546374 0.554637 -0.0175856 -0.00268096 0 -0.0629429 402
33550 0.0547066 0.554707 0.0020644 -0.00268096 0 -0.0802097 403
34202 0.0542223 0.554222 -0.0141596 -0.00268096 0 -0.0670366 404
32669 0.0543694 0.554369 0.00450287 -0.00268096 0 -0.0811465 405
33321 0.0539497 0.55395 -0.0125967 -0.00268096 0 -0.0686206 406
33746 0.0541514 0.554151 0.00597707 0 0 -0.071385 407
34102 0.0537747 0.553775 -0.0110481 0.00268096 0 -0.000682729 408
33519 0.0540066 0.554007 0.00691911 0.00536188 0 -0.00670329 409
30735 0.0536563 0.553656 -0.0113973 0.00804272 0 0.0669993 410
31617 0.0533757 0.553376 -0.00887368 0.00804272 0 0.0646941 411
37985 0.0531516 0.553152 -0.00590005 0.00804272 0 0.0615805 412
33148 0.052972 0.552972 -0.00541779 0.00804272 0 0.0612003 413
66912 0.0522956 0.552296 -0.0101087 0.00804272 0 0.0669512 415
33505 0.0517545 0.551754 -0.0161513 0.00804272 0 0.0724921 416
33493 0.0513229 0.551323 -0.0128862 0.00804272 0 0.0702492 417
67675 0.0509792 0.550979 -0.00507839 0.00536188 0 0.0342809 419
33580 0.0507078 0.550708 -0.00808337 0.00268096 0 -0.0021436 420
66357 0.0499505 0.54995 -0.0114122 0.00268096 0 0.00956181 422
33504 0.0493486 0.549349 -0.0179647 0.00268096 0 0.0268759 423
33683 0.0488632 0.548863 -0.0144114 0.00268096 0 0.0199337 424
67486 0.0484788 0.548479 -0.00569585 0 0 -0.0465985 426
33219 0.0481701 0.54817 -0.00929265 0 0 -0.0378389 427
133907 0.0482188 0.548219 0.000363663 0 0 -0.0577288 431
33916 0.0484942 0.548494 0.00812104 0 0 -0.0688308 432
66623 0.0487146 0.548715 0.00330754 0 0 -0.0629199 434
33274 0.0483535 0.548353 -0.0108519 0 0 -0.0343527 435
33758 0.0486008 0.548601 0.00732566 0 0 -0.0680163 436
33471 0.048798 0.548798 0.00589084 0 0 -0.0664721 437
33383 0.0481746 0.548175 -0.0186725 0 0 -0.0126205 438
33504 0.0482121 0.548212 0.00111901 0 0 -0.0589649 439
34298 0.0484846 0.548485 0.00794543 0.00268096 0 -0.0410668 440
32597 0.0484605 0.54846 -0.000740555 0.00268096 0 -0.0183497 441
100660 0.0484368 0.548437 -0.000235079 0.00536188 0 0.0270825 444
100561 0.0478804 0.54788 -0.00553365 0.00536188 0 0.040893 447
33294 0.0468937 0.546894 -0.0296358 0.00536188 0 0.0723443 448
33859 0.0466458 0.546646 -0.00731965 0.00536188 0 0.0460562 449
33445 0.04591 0.54591 -0.0220009 0.00536188 0 0.0665546 450
33334 0.0447876 0.544788 -0.0336718 0.00536188 0 0.0761948 451
33577 0.044434 0.544434 -0.0105303 0.00536188 0 0.0542903 452
33501 0.0436115 0.543612 -0.024551 0.00536188 0 0.0707215 453
134402 0.0424199 0.54242 -0.00886606 0.00268096 0 0.0197735 457
134127 0.0412222 0.541222 -0.00892956 0 0 -0.0242377 461
66815 0.0405084 0.540508 -0.0106827 0 0 -0.0176998 463
133924 0.039397 0.539397 -0.00829909 0 0 -0.0219028 467
33591 0.0388002 0.5388 -0.0177655 0 0 0.00647103 468
33324 0.0383192 0.538319 -0.0144361 0 0 -0.00149427 469
33964 0.0381836 0.538184 -0.00399248 0 0 -0.0309018 470
33499 0.0380751 0.538075 -0.00323832 0 0 -0.0326257 471
201058 0.0377436 0.537744 -0.00164859 -0.00269541 0 -0.0661684 477
